Results for ali535.tsp:
NAME : ali535
COMMENT : 535 Airports around the globe (Padberg/Rinaldi)
DIMENSION : 535
Best tour: [51, 474, 275, 513, 529, 460, 336, 132, 192, 390, 8, 40, 167, 440, 125, 99, 289, 337, 331, 27, 388, 16, 367, 395, 64, 90, 333, 15, 464, 126, 370, 227, 39, 378, 7, 175, 528, 183, 207, 14, 496, 6, 470, 245, 319, 494, 384, 271, 209, 279, 68, 151, 143, 87, 400, 506, 258, 342, 413, 61, 276, 159, 283, 476, 357, 111, 272, 376, 199, 294, 313, 326, 12, 532, 20, 74, 295, 339, 473, 478, 165, 224, 267, 234, 438, 222, 340, 286, 485, 149, 419, 182, 243, 472, 463, 373, 269, 171, 270, 98, 457, 458, 84, 505, 49, 408, 101, 467, 504, 344, 491, 169, 292, 117, 421, 382, 137, 138, 135, 497, 465, 264, 265, 1, 445, 446, 369, 418, 225, 226, 22, 119, 428, 93, 94, 320, 514, 154, 219, 252, 291, 249, 469, 459, 363, 242, 511, 453, 248, 351, 412, 66, 72, 534, 317, 468, 153, 181, 399, 509, 92, 318, 522, 517, 148, 380, 113, 54, 3, 523, 444, 492, 411, 130, 75, 100, 241, 158, 157, 50, 481, 57, 82, 139, 436, 80, 211, 323, 29, 415, 278, 17, 303, 407, 260, 13, 354, 396, 387, 350, 193, 196, 365, 83, 244, 141, 52, 177, 5, 454, 404, 434, 184, 500, 486, 489, 46, 427, 71, 63, 67, 353, 88, 450, 524, 386, 259, 483, 214, 202, 233, 461, 515, 41, 394, 191, 174, 285, 106, 89, 422, 59, 510, 170, 201, 392, 251, 160, 420, 268, 256, 301, 315, 385, 381, 136, 185, 343, 257, 490, 146, 508, 330, 204, 86, 115, 530, 368, 304, 484, 103, 261, 405, 164, 163, 520, 281, 172, 377, 437, 97, 372, 334, 112, 533, 195, 19, 69, 374, 228, 495, 401, 449, 391, 443, 356, 499, 425, 91, 309, 231, 216, 215, 176, 250, 4, 186, 482, 120, 310, 56, 293, 456, 487, 10, 2, 21, 414, 180, 312, 503, 60, 379, 471, 212, 147, 397, 298, 221, 156, 230, 462, 53, 328, 302, 366, 347, 314, 305, 307, 107, 466, 134, 493, 232, 166, 206, 448, 179, 335, 306, 168, 423, 210, 451, 527, 311, 187, 341, 155, 349, 403, 507, 287, 81, 375, 432, 501, 480, 402, 128, 34, 31, 240, 284, 73, 70, 327, 247, 37, 430, 129, 266, 223, 239, 47, 316, 288, 531, 479, 127, 23, 152, 348, 424, 442, 299, 28, 55, 455, 78, 79, 9, 203, 362, 65, 332, 263, 194, 447, 229, 512, 116, 308, 110, 417, 409, 518, 198, 441, 255, 26, 35, 144, 262, 0, 361, 208, 274, 383, 296, 197, 213, 280, 121, 188, 477, 118, 189, 142, 145, 253, 290, 133, 43, 24, 178, 322, 173, 371, 345, 114, 282, 42, 96, 124, 85, 519, 62, 329, 364, 360, 297, 475, 108, 410, 516, 58, 25, 525, 433, 439, 217, 498, 237, 324, 190, 161, 355, 358, 105, 254, 521, 393, 398, 426, 36, 300, 277, 431, 102, 140, 205, 109, 76, 123, 526, 11, 389, 435, 30, 235, 45, 236, 38, 218, 220, 352, 406, 416, 321, 346, 488, 359, 246, 18, 33, 44, 273, 95, 200, 238, 131, 150, 452, 77, 162, 325, 122, 502, 32, 104, 429, 48, 338]
Best distance: 21881.285542446196

Results for att48.tsp:
NAME : att48
COMMENT : 48 capitals of the US (Padberg/Rinaldi)
DIMENSION : 48
Best tour: [9, 38, 47, 4, 24, 12, 39, 44, 26, 27, 14, 22, 19, 46, 41, 28, 6, 35, 5, 2, 8, 32, 45, 30, 43, 17, 16, 36, 42, 18, 1, 13, 31, 21, 15, 7, 0, 37, 11, 20, 10, 33, 40, 29, 23, 34, 3, 25]
Best distance: 92843.52828777584

Results for att532.tsp:
NAME : att532
COMMENT : 532-city problem (Padberg/Rinaldi)
DIMENSION : 532
Best tour: [517, 523, 520, 526, 391, 170, 238, 310, 431, 231, 69, 290, 463, 41, 53, 86, 143, 154, 54, 361, 176, 144, 159, 473, 530, 375, 480, 500, 462, 121, 222, 82, 195, 275, 306, 432, 147, 366, 311, 208, 341, 485, 430, 438, 476, 469, 370, 314, 6, 8, 93, 149, 175, 109, 106, 104, 407, 263, 230, 303, 48, 152, 236, 51, 235, 241, 111, 269, 331, 226, 227, 419, 426, 76, 83, 158, 265, 207, 118, 264, 511, 487, 519, 405, 420, 474, 472, 465, 322, 140, 280, 233, 212, 287, 332, 56, 114, 71, 434, 122, 119, 394, 359, 483, 49, 299, 34, 350, 422, 211, 137, 283, 398, 36, 44, 63, 210, 257, 179, 193, 351, 305, 297, 268, 262, 50, 52, 270, 196, 302, 225, 19, 192, 102, 291, 372, 174, 65, 3, 2, 130, 26, 201, 189, 411, 343, 274, 468, 467, 412, 402, 286, 184, 73, 288, 251, 229, 182, 186, 169, 181, 334, 113, 112, 510, 512, 471, 219, 216, 349, 376, 330, 340, 284, 289, 373, 449, 217, 455, 529, 239, 484, 40, 180, 173, 357, 166, 276, 327, 447, 435, 90, 94, 445, 464, 377, 508, 296, 261, 178, 454, 234, 213, 382, 70, 92, 103, 28, 293, 457, 423, 145, 157, 124, 29, 1, 400, 328, 319, 364, 486, 528, 243, 75, 244, 304, 281, 272, 249, 224, 22, 59, 260, 324, 215, 123, 117, 155, 165, 390, 64, 47, 11, 17, 156, 470, 453, 531, 98, 146, 153, 245, 223, 409, 458, 353, 363, 292, 39, 168, 232, 205, 188, 209, 492, 495, 0, 10, 9, 139, 418, 355, 128, 68, 161, 197, 204, 365, 84, 21, 444, 406, 516, 515, 524, 522, 352, 191, 494, 491, 501, 61, 497, 371, 386, 81, 58, 62, 369, 278, 115, 315, 203, 163, 132, 129, 374, 37, 408, 428, 488, 187, 151, 101, 380, 525, 339, 323, 427, 85, 282, 345, 247, 126, 171, 160, 271, 99, 194, 273, 317, 395, 24, 441, 392, 393, 503, 277, 135, 410, 401, 396, 89, 79, 490, 335, 316, 220, 13, 46, 248, 200, 399, 206, 255, 252, 246, 477, 482, 329, 481, 320, 258, 148, 214, 78, 298, 362, 172, 325, 385, 504, 250, 475, 479, 342, 383, 7, 45, 202, 12, 18, 20, 67, 337, 253, 256, 72, 254, 80, 35, 460, 513, 440, 354, 259, 450, 15, 27, 25, 218, 131, 77, 108, 294, 88, 378, 448, 336, 451, 344, 162, 414, 499, 518, 489, 459, 381, 403, 32, 107, 379, 116, 177, 358, 55, 164, 134, 507, 505, 506, 416, 436, 387, 183, 120, 91, 478, 221, 301, 313, 133, 142, 167, 74, 367, 338, 318, 413, 43, 42, 23, 33, 31, 96, 30, 5, 498, 509, 368, 136, 228, 295, 100, 105, 95, 266, 141, 384, 326, 300, 348, 356, 309, 415, 321, 439, 199, 240, 97, 267, 333, 496, 397, 388, 308, 87, 466, 16, 14, 125, 437, 443, 417, 404, 493, 514, 527, 242, 461, 433, 446, 110, 57, 198, 346, 521, 190, 442, 389, 347, 66, 38, 312, 237, 456, 421, 360, 429, 185, 307, 150, 279, 452, 424, 285, 138, 127, 60, 4, 425, 502]
Best distance: 977177.2934532824

Results for berlin52.tsp:
NAME : berlin52
COMMENT : 52 locations in Berlin (Groetschel)
DIMENSION : 52
Best tour: [21, 43, 16, 32, 5, 47, 20, 45, 22, 35, 48, 42, 4, 14, 23, 37, 34, 39, 17, 3, 38, 24, 11, 50, 25, 13, 12, 30, 28, 0, 40, 7, 36, 2, 18, 44, 31, 27, 41, 6, 1, 49, 19, 29, 46, 33, 51, 26, 10, 9, 8, 15]
Best distance: 20526.760744675405

Results for bier127.tsp:
NAME : bier127
COMMENT : 127 Biergaerten in Augsburg (Juenger/Reinelt)
DIMENSION : 127
Best tour: [103, 9, 13, 25, 11, 66, 72, 108, 60, 115, 90, 49, 15, 0, 35, 30, 5, 46, 48, 124, 116, 78, 104, 22, 20, 24, 126, 8, 63, 57, 61, 3, 21, 107, 23, 89, 54, 43, 52, 117, 45, 51, 123, 16, 70, 12, 114, 102, 121, 33, 42, 76, 77, 28, 88, 64, 91, 112, 34, 4, 79, 105, 74, 67, 73, 17, 50, 36, 1, 113, 93, 120, 98, 41, 10, 62, 86, 87, 84, 118, 80, 40, 59, 71, 18, 38, 37, 32, 119, 58, 99, 56, 31, 82, 81, 125, 26, 44, 68, 27, 122, 94, 96, 6, 55, 14, 39, 19, 2, 75, 7, 110, 111, 47, 109, 92, 53, 29, 95, 106, 85, 65, 69, 101, 100, 97, 83]
Best distance: 436366.93116176676

Results for a280.tsp:
NAME : a280
COMMENT : drilling problem (Ludwig)
DIMENSION : 280
Best tour: [232, 117, 115, 116, 255, 207, 200, 97, 93, 157, 126, 125, 30, 81, 214, 216, 147, 136, 266, 48, 21, 270, 109, 89, 252, 122, 121, 103, 67, 248, 139, 129, 16, 212, 0, 35, 49, 211, 172, 85, 61, 87, 83, 105, 78, 197, 144, 58, 76, 71, 92, 86, 82, 60, 41, 52, 34, 45, 38, 12, 24, 19, 123, 133, 265, 208, 278, 3, 276, 28, 124, 59, 158, 173, 189, 131, 130, 153, 84, 53, 33, 257, 246, 234, 163, 91, 98, 100, 202, 175, 177, 182, 210, 135, 160, 106, 226, 143, 194, 227, 239, 238, 179, 188, 159, 70, 69, 65, 132, 273, 274, 57, 62, 46, 181, 178, 37, 29, 50, 27, 14, 215, 217, 233, 241, 242, 279, 1, 155, 118, 259, 5, 218, 209, 231, 94, 99, 169, 75, 72, 44, 63, 154, 104, 95, 96, 205, 7, 42, 66, 68, 180, 176, 127, 55, 170, 272, 2, 275, 8, 142, 186, 148, 191, 267, 25, 113, 88, 64, 77, 112, 120, 251, 187, 204, 141, 101, 166, 110, 174, 190, 140, 138, 17, 268, 137, 90, 47, 26, 13, 254, 277, 262, 263, 192, 240, 244, 221, 213, 203, 199, 145, 243, 245, 9, 11, 6, 250, 228, 223, 184, 150, 36, 39, 40, 156, 74, 111, 107, 261, 260, 196, 73, 149, 230, 237, 249, 220, 108, 31, 54, 56, 164, 162, 119, 102, 151, 185, 167, 168, 253, 18, 256, 258, 15, 271, 79, 236, 224, 193, 198, 165, 222, 206, 195, 201, 235, 247, 152, 269, 43, 161, 114, 128, 20, 183, 219, 146, 225, 264, 22, 23, 10, 32, 134, 171, 80, 51, 4, 229]
Best distance: 20775.9714200008

Results for ali535.tsp:
NAME : ali535
COMMENT : 535 Airports around the globe (Padberg/Rinaldi)
DIMENSION : 535
Best tour: [131, 360, 212, 273, 499, 89, 66, 110, 399, 261, 318, 92, 274, 146, 508, 529, 50, 63, 301, 210, 469, 295, 117, 184, 480, 331, 390, 396, 368, 415, 468, 276, 514, 103, 272, 214, 171, 111, 464, 216, 197, 500, 359, 412, 313, 64, 157, 114, 478, 300, 334, 459, 407, 258, 493, 192, 186, 199, 45, 60, 185, 393, 398, 476, 497, 53, 465, 463, 166, 328, 270, 533, 376, 17, 15, 394, 248, 403, 120, 56, 347, 57, 106, 170, 27, 126, 87, 404, 460, 434, 488, 217, 427, 167, 440, 367, 471, 69, 292, 188, 411, 88, 387, 263, 302, 366, 140, 495, 22, 58, 526, 173, 282, 383, 458, 304, 1, 209, 285, 82, 436, 457, 158, 259, 397, 145, 490, 289, 194, 8, 249, 62, 395, 153, 320, 46, 206, 94, 265, 156, 329, 525, 55, 71, 243, 370, 461, 424, 177, 85, 25, 353, 202, 139, 344, 0, 229, 343, 201, 112, 496, 378, 241, 2, 101, 98, 198, 336, 354, 528, 319, 130, 413, 233, 355, 74, 61, 169, 326, 14, 12, 474, 406, 6, 452, 29, 418, 24, 100, 67, 49, 79, 183, 90, 470, 149, 7, 400, 510, 365, 472, 245, 3, 280, 174, 408, 21, 358, 388, 402, 505, 330, 278, 208, 453, 97, 372, 442, 251, 104, 235, 213, 93, 191, 165, 124, 450, 520, 151, 143, 172, 369, 220, 357, 86, 51, 299, 477, 506, 80, 374, 524, 138, 137, 28, 42, 512, 119, 116, 65, 432, 441, 348, 522, 4, 150, 426, 252, 481, 291, 204, 75, 84, 283, 19, 13, 262, 322, 72, 9, 23, 462, 341, 40, 377, 317, 386, 443, 371, 414, 141, 309, 475, 221, 256, 268, 294, 175, 35, 479, 323, 509, 316, 489, 511, 121, 297, 409, 501, 228, 31, 226, 164, 163, 48, 239, 356, 267, 310, 257, 190, 454, 448, 449, 361, 20, 491, 264, 127, 181, 155, 284, 129, 483, 187, 99, 532, 115, 530, 242, 275, 279, 373, 108, 392, 254, 133, 43, 332, 340, 519, 518, 205, 337, 428, 296, 405, 521, 364, 382, 410, 429, 161, 342, 225, 16, 381, 486, 211, 345, 422, 26, 195, 227, 78, 52, 10, 303, 203, 324, 420, 159, 504, 70, 118, 73, 224, 148, 527, 311, 247, 482, 250, 83, 147, 290, 193, 196, 287, 350, 240, 281, 179, 335, 68, 47, 269, 207, 494, 128, 363, 54, 306, 168, 385, 314, 113, 132, 135, 32, 352, 498, 59, 34, 152, 176, 389, 305, 307, 375, 447, 298, 223, 380, 517, 266, 39, 122, 134, 515, 286, 523, 180, 473, 30, 232, 492, 76, 81, 435, 321, 455, 487, 33, 425, 200, 431, 513, 277, 230, 231, 255, 433, 503, 451, 5, 178, 419, 439, 502, 218, 416, 379, 351, 362, 446, 445, 18, 456, 325, 333, 237, 437, 260, 430, 339, 444, 215, 154, 77, 222, 485, 160, 107, 41, 531, 401, 219, 109, 102, 244, 391, 346, 162, 123, 327, 507, 466, 338, 534, 293, 288, 438, 182, 234, 11, 253, 142, 144, 125, 349, 189, 421, 105, 136, 37, 312, 423, 36, 38, 467, 238, 246, 44, 484, 271, 384, 236, 96, 516, 308, 91, 315, 417, 95]
Best distance: 21499.34326331048

Results for att48.tsp:
NAME : att48
COMMENT : 48 capitals of the US (Padberg/Rinaldi)
DIMENSION : 48
Best tour: [39, 20, 12, 35, 30, 0, 7, 17, 6, 43, 33, 38, 26, 21, 45, 37, 24, 11, 32, 46, 19, 14, 13, 10, 22, 40, 29, 42, 16, 18, 36, 4, 47, 15, 1, 34, 3, 28, 44, 25, 41, 23, 2, 27, 5, 8, 31, 9]
Best distance: 99712.6328722661

Results for att532.tsp:
NAME : att532
COMMENT : 532-city problem (Padberg/Rinaldi)
DIMENSION : 532
Best tour: [179, 178, 469, 365, 59, 434, 367, 103, 268, 252, 167, 150, 169, 317, 331, 381, 89, 30, 47, 457, 493, 470, 127, 283, 226, 227, 31, 92, 93, 77, 161, 79, 131, 129, 111, 472, 316, 255, 421, 445, 456, 377, 414, 467, 306, 378, 415, 412, 418, 363, 202, 341, 324, 290, 214, 531, 504, 70, 186, 154, 163, 297, 303, 132, 21, 73, 27, 106, 374, 393, 446, 75, 145, 121, 74, 200, 187, 171, 507, 23, 35, 211, 173, 370, 354, 225, 205, 232, 213, 117, 76, 78, 474, 463, 185, 95, 146, 141, 172, 394, 441, 485, 482, 260, 55, 281, 350, 403, 65, 143, 311, 342, 158, 499, 120, 289, 243, 416, 285, 231, 224, 72, 223, 197, 86, 217, 262, 278, 272, 148, 230, 359, 351, 266, 495, 119, 249, 133, 386, 277, 420, 299, 51, 15, 48, 184, 259, 286, 109, 196, 125, 165, 487, 302, 410, 315, 164, 222, 294, 296, 438, 435, 147, 209, 64, 44, 282, 452, 459, 58, 113, 180, 238, 175, 253, 192, 194, 204, 250, 338, 314, 63, 293, 333, 105, 455, 107, 112, 340, 330, 207, 292, 68, 509, 498, 254, 404, 375, 327, 155, 98, 218, 215, 263, 298, 201, 138, 478, 234, 22, 16, 10, 13, 25, 6, 267, 424, 287, 115, 479, 362, 405, 376, 128, 261, 258, 288, 43, 24, 19, 328, 162, 188, 80, 274, 176, 206, 419, 436, 319, 300, 270, 38, 28, 447, 453, 334, 320, 190, 276, 199, 91, 244, 85, 189, 411, 448, 371, 237, 301, 513, 280, 160, 307, 84, 501, 461, 369, 323, 486, 515, 511, 512, 212, 247, 153, 108, 39, 308, 356, 99, 50, 32, 193, 81, 46, 477, 343, 203, 395, 380, 34, 36, 42, 52, 4, 503, 29, 41, 8, 7, 9, 279, 100, 182, 265, 87, 360, 353, 519, 523, 522, 514, 520, 505, 526, 433, 325, 364, 37, 18, 110, 137, 82, 69, 88, 71, 124, 12, 1, 229, 33, 475, 61, 116, 313, 248, 2, 235, 295, 151, 228, 208, 134, 440, 239, 90, 491, 210, 443, 449, 83, 5, 11, 66, 17, 14, 402, 139, 271, 241, 144, 26, 102, 45, 379, 122, 166, 118, 497, 473, 96, 104, 361, 152, 159, 123, 492, 427, 483, 494, 500, 417, 257, 366, 304, 413, 67, 101, 191, 221, 94, 326, 428, 312, 336, 335, 149, 140, 54, 392, 407, 387, 423, 426, 444, 508, 372, 396, 347, 142, 344, 368, 246, 220, 157, 337, 476, 431, 397, 40, 136, 329, 284, 355, 198, 349, 156, 388, 383, 339, 399, 358, 321, 195, 256, 56, 517, 481, 458, 233, 135, 174, 390, 62, 332, 322, 373, 454, 183, 465, 464, 502, 170, 442, 177, 114, 524, 400, 466, 357, 530, 432, 305, 251, 460, 425, 181, 409, 406, 49, 275, 391, 236, 309, 245, 291, 126, 468, 462, 437, 450, 422, 401, 345, 264, 518, 439, 97, 240, 346, 488, 484, 318, 3, 408, 57, 53, 510, 516, 506, 529, 385, 471, 130, 382, 389, 219, 216, 269, 489, 60, 384, 480, 496, 525, 451, 490, 348, 398, 521, 168, 352, 273, 242, 310, 0, 430, 429, 527, 528, 20]
Best distance: 979352.9370678583

Results for berlin52.tsp:
NAME : berlin52
COMMENT : 52 locations in Berlin (Groetschel)
DIMENSION : 52
Best tour: [2, 30, 20, 31, 43, 49, 19, 18, 46, 44, 35, 38, 39, 5, 4, 36, 45, 23, 17, 10, 3, 34, 33, 14, 24, 25, 37, 42, 11, 32, 15, 29, 48, 12, 27, 26, 13, 21, 0, 28, 22, 9, 8, 47, 41, 6, 1, 40, 7, 16, 51, 50]
Best distance: 22165.83985269068

