Results for a280.tsp:
NAME : a280
COMMENT : drilling problem (Ludwig)
Best tour : [180, 199, 61, 112, 76, 21, 17, 16, 261, 229, 140, 208, 215, 223, 88, 57, 74, 272, 213, 221, 160, 179, 29, 41, 44, 130, 132, 214, 166, 172, 173, 119, 50, 54, 36, 38, 39, 45, 186, 256, 211, 202, 1, 240, 32, 129, 195, 145, 157, 106, 251, 270, 268, 161, 26, 150, 138, 131, 48, 230, 252, 246, 3, 191, 200, 225, 203, 163, 192, 181, 274, 20, 19, 121, 70, 236, 224, 219, 118, 197, 189, 222, 254, 8, 2, 277, 231, 0, 233, 201, 144, 90, 238, 248, 97, 92, 266, 155, 73, 162, 273, 279, 242, 204, 263, 9, 15, 196, 40, 177, 71, 151, 43, 4, 6, 264, 267, 133, 259, 269, 87, 82, 107, 103, 165, 104, 105, 91, 86, 72, 108, 81, 80, 102, 89, 11, 12, 164, 220, 58, 128, 154, 153, 169, 159, 10, 111, 218, 227, 178, 22, 67, 51, 46, 183, 79, 66, 68, 239, 7, 275, 262, 260, 243, 249, 212, 14, 84, 194, 216, 109, 168, 75, 83, 78, 245, 226, 148, 135, 228, 244, 209, 235, 49, 142, 171, 170, 100, 114, 65, 42, 149, 271, 120, 167, 63, 113, 27, 146, 60, 59, 31, 124, 176, 69, 62, 115, 117, 30, 28, 23, 37, 110, 139, 25, 232, 234, 241, 255, 253, 13, 276, 93, 96, 158, 55, 143, 147, 265, 250, 206, 24, 217, 207, 126, 125, 156, 175, 101, 190, 193, 185, 141, 210, 258, 18, 184, 257, 122, 182, 56, 52, 85, 116, 123, 136, 247, 34, 53, 152, 33, 35, 47, 77, 94, 188, 187, 134, 137, 237, 278, 127, 98, 64, 5, 174, 198, 205, 95, 99]
Best distance : 22657.561458492055

Results for a280.tsp:
NAME : a280
COMMENT : drilling problem (Ludwig)
Best tour : [83, 82, 109, 73, 61, 265, 270, 75, 112, 87, 110, 163, 48, 47, 46, 179, 184, 170, 171, 232, 211, 227, 228, 27, 25, 279, 259, 216, 219, 156, 118, 158, 116, 114, 267, 261, 188, 79, 81, 84, 40, 39, 42, 157, 41, 141, 181, 103, 78, 74, 59, 44, 124, 119, 182, 97, 212, 213, 225, 249, 117, 252, 101, 105, 242, 24, 210, 229, 5, 9, 136, 17, 191, 262, 269, 53, 215, 155, 35, 21, 139, 221, 162, 193, 194, 200, 201, 144, 186, 187, 80, 89, 77, 165, 168, 99, 147, 68, 86, 121, 277, 241, 198, 204, 226, 236, 275, 3, 273, 231, 132, 62, 67, 43, 69, 66, 174, 159, 15, 10, 23, 28, 154, 207, 172, 164, 72, 244, 248, 247, 0, 19, 14, 16, 102, 246, 22, 31, 13, 264, 150, 152, 137, 130, 276, 258, 208, 206, 260, 131, 50, 49, 90, 55, 63, 176, 151, 133, 135, 268, 107, 108, 197, 18, 145, 146, 127, 169, 203, 122, 245, 239, 230, 33, 76, 183, 125, 167, 94, 160, 278, 37, 52, 71, 115, 111, 29, 54, 64, 26, 128, 153, 51, 199, 196, 202, 195, 32, 95, 92, 96, 65, 56, 218, 217, 180, 106, 104, 126, 38, 1, 271, 274, 214, 250, 120, 148, 113, 93, 100, 129, 20, 8, 272, 2, 257, 238, 237, 256, 254, 11, 205, 235, 233, 134, 253, 223, 251, 255, 123, 30, 138, 143, 224, 57, 60, 58, 12, 91, 88, 190, 189, 185, 142, 6, 234, 192, 173, 209, 266, 149, 175, 4, 240, 243, 263, 7, 177, 140, 36, 98, 178, 220, 34, 45, 166, 161, 85, 70, 222]
Best distance : 21840.39127236358

Results for ali535.tsp:
Best tour : [167, 440, 468, 209, 270, 279, 271, 185, 6, 95, 179, 486, 103, 289, 115, 204, 304, 529, 344, 336, 276, 94, 459, 14, 232, 76, 317, 326, 511, 243, 193, 287, 532, 458, 31, 1, 198, 370, 339, 181, 24, 395, 126, 173, 110, 504, 382, 518, 519, 91, 268, 256, 108, 254, 273, 501, 171, 509, 414, 291, 65, 58, 22, 299, 231, 53, 476, 497, 292, 492, 493, 400, 415, 184, 464, 331, 480, 361, 448, 396, 411, 313, 274, 394, 35, 230, 444, 266, 284, 483, 280, 322, 462, 106, 86, 66, 139, 206, 211, 153, 265, 465, 161, 282, 384, 269, 337, 261, 473, 494, 455, 228, 177, 381, 499, 36, 290, 324, 286, 201, 383, 454, 373, 142, 23, 45, 235, 241, 63, 431, 52, 413, 353, 69, 113, 128, 401, 479, 434, 503, 397, 48, 527, 489, 117, 16, 121, 347, 358, 351, 208, 300, 277, 500, 469, 135, 132, 56, 30, 101, 199, 252, 376, 368, 174, 328, 533, 457, 216, 481, 144, 59, 412, 100, 92, 318, 64, 390, 316, 372, 97, 188, 19, 490, 178, 436, 111, 90, 272, 238, 398, 393, 151, 143, 28, 163, 164, 521, 340, 2, 485, 200, 410, 212, 120, 20, 74, 315, 301, 346, 15, 407, 147, 416, 327, 236, 217, 141, 149, 399, 75, 159, 355, 169, 404, 13, 27, 350, 240, 281, 471, 474, 12, 379, 145, 531, 264, 195, 61, 329, 524, 43, 68, 93, 508, 3, 10, 371, 17, 506, 388, 215, 342, 332, 364, 116, 333, 125, 146, 49, 478, 87, 0, 9, 249, 239, 522, 21, 99, 472, 520, 385, 330, 42, 512, 223, 148, 250, 192, 294, 314, 89, 402, 514, 428, 452, 510, 98, 323, 343, 283, 166, 8, 194, 320, 375, 450, 433, 515, 33, 354, 528, 118, 477, 152, 40, 88, 430, 190, 253, 57, 257, 258, 82, 54, 165, 170, 296, 365, 453, 460, 259, 7, 191, 285, 475, 423, 47, 160, 288, 251, 442, 244, 357, 29, 46, 73, 505, 349, 445, 446, 309, 37, 378, 83, 123, 422, 352, 180, 523, 308, 25, 267, 356, 234, 218, 104, 366, 302, 140, 513, 391, 203, 386, 168, 51, 5, 530, 484, 207, 405, 242, 60, 182, 482, 247, 196, 187, 467, 26, 260, 311, 133, 441, 137, 138, 155, 406, 293, 439, 435, 325, 162, 369, 498, 220, 307, 305, 102, 227, 186, 306, 157, 81, 278, 248, 225, 387, 319, 39, 408, 297, 105, 362, 210, 298, 55, 470, 419, 78, 420, 176, 262, 449, 67, 461, 183, 360, 495, 150, 374, 80, 310, 38, 158, 130, 363, 263, 112, 214, 213, 202, 463, 129, 32, 496, 491, 154, 275, 367, 426, 447, 34, 41, 348, 219, 451, 255, 443, 438, 517, 44, 109, 507, 425, 534, 72, 437, 156, 237, 456, 119, 96, 224, 392, 432, 124, 172, 341, 71, 233, 466, 134, 122, 359, 338, 246, 409, 245, 502, 345, 488, 295, 197, 175, 526, 229, 85, 62, 516, 403, 189, 487, 335, 114, 84, 205, 77, 312, 136, 70, 4, 424, 429, 417, 421, 303, 18, 79, 107, 334, 127, 418, 221, 222, 380, 226, 11, 377, 389, 321, 50, 427, 131, 525]
Best distance : 19370.28835331616

Results for att48.tsp:
NAME : att48
COMMENT : 48 capitals of the US (Padberg/Rinaldi)
DIMENSION : 48
Best tour : [32, 27, 42, 16, 29, 11, 35, 6, 45, 14, 36, 5, 30, 39, 31, 20, 40, 22, 10, 17, 8, 37, 46, 38, 4, 47, 28, 33, 13, 19, 15, 24, 43, 26, 18, 21, 2, 1, 41, 34, 23, 3, 25, 44, 9, 0, 7, 12]
Best distance : 81594.59520406107

Results for att532.tsp:
NAME : att532
COMMENT : 532-city problem (Padberg/Rinaldi)
DIMENSION : 532
Best tour : [415, 373, 453, 134, 500, 199, 293, 240, 132, 167, 64, 22, 104, 304, 253, 276, 87, 474, 475, 314, 6, 16, 467, 200, 169, 174, 291, 75, 85, 386, 230, 399, 94, 402, 358, 56, 161, 4, 260, 338, 496, 479, 517, 520, 515, 10, 11, 154, 57, 206, 334, 329, 127, 234, 257, 256, 521, 490, 121, 403, 45, 217, 48, 220, 65, 63, 142, 73, 159, 268, 267, 409, 195, 166, 196, 270, 162, 184, 404, 89, 419, 422, 137, 177, 210, 261, 259, 495, 493, 145, 173, 341, 389, 382, 237, 193, 176, 80, 14, 91, 139, 103, 144, 125, 82, 5, 236, 123, 204, 155, 105, 109, 194, 130, 126, 247, 186, 489, 457, 458, 444, 372, 413, 308, 274, 530, 377, 221, 368, 436, 355, 181, 298, 262, 170, 115, 400, 448, 494, 439, 499, 242, 406, 285, 140, 207, 427, 374, 238, 328, 491, 483, 307, 165, 263, 149, 98, 96, 84, 118, 108, 463, 464, 471, 336, 353, 301, 163, 258, 232, 283, 233, 269, 249, 272, 327, 252, 157, 205, 431, 525, 529, 526, 354, 392, 481, 391, 438, 437, 498, 449, 53, 305, 212, 81, 2, 32, 215, 290, 309, 254, 152, 378, 71, 26, 83, 62, 59, 345, 384, 107, 30, 44, 47, 43, 95, 408, 414, 343, 347, 88, 17, 13, 78, 296, 275, 209, 67, 278, 311, 331, 441, 426, 202, 216, 417, 319, 434, 295, 69, 435, 443, 429, 303, 20, 18, 225, 245, 333, 454, 440, 461, 492, 33, 447, 364, 366, 106, 77, 442, 503, 522, 519, 239, 346, 128, 344, 300, 187, 323, 229, 146, 86, 452, 459, 398, 387, 424, 432, 182, 203, 160, 322, 241, 19, 456, 292, 135, 185, 342, 446, 468, 513, 310, 277, 313, 316, 227, 226, 150, 101, 361, 168, 192, 211, 280, 470, 8, 9, 12, 66, 49, 455, 251, 218, 93, 124, 52, 42, 179, 231, 248, 460, 476, 367, 271, 297, 188, 1, 21, 24, 235, 302, 175, 58, 497, 401, 153, 264, 223, 171, 136, 339, 472, 488, 352, 486, 273, 46, 92, 99, 50, 129, 279, 147, 122, 208, 197, 102, 23, 357, 395, 351, 306, 348, 462, 191, 340, 405, 505, 266, 315, 79, 51, 29, 27, 28, 31, 54, 317, 482, 325, 189, 224, 214, 213, 390, 363, 183, 228, 379, 465, 246, 288, 504, 337, 356, 478, 523, 40, 114, 113, 112, 143, 36, 38, 148, 332, 349, 320, 416, 423, 393, 39, 25, 410, 34, 41, 133, 97, 117, 201, 138, 294, 0, 375, 324, 198, 250, 509, 381, 326, 281, 110, 485, 516, 510, 524, 514, 445, 484, 420, 244, 119, 61, 60, 116, 141, 466, 473, 528, 370, 299, 164, 383, 100, 531, 289, 502, 411, 369, 321, 365, 359, 371, 120, 477, 385, 74, 425, 178, 111, 380, 287, 286, 37, 35, 76, 90, 15, 68, 7, 190, 350, 407, 418, 430, 421, 511, 501, 451, 243, 284, 330, 335, 506, 360, 397, 376, 156, 172, 388, 469, 394, 487, 527, 222, 70, 508, 480, 72, 180, 131, 282, 318, 433, 428, 396, 312, 158, 151, 55, 255, 512, 507, 362, 219, 265, 412, 518, 3, 450]
Best distance : 933123.4343087226

Results for a280.tsp:
NAME : a280
COMMENT : drilling problem (Ludwig)
Best tour : [23, 119, 58, 42, 36, 142, 204, 225, 149, 46, 199, 200, 144, 163, 187, 164, 105, 35, 171, 170, 94, 252, 275, 156, 226, 260, 271, 278, 8, 15, 270, 253, 272, 126, 95, 100, 99, 98, 17, 206, 244, 261, 221, 246, 249, 230, 21, 25, 153, 113, 28, 53, 61, 101, 44, 9, 276, 277, 264, 5, 2, 134, 195, 216, 207, 251, 239, 242, 262, 254, 29, 41, 52, 47, 102, 169, 43, 62, 116, 182, 143, 227, 224, 231, 107, 26, 86, 20, 19, 188, 189, 31, 57, 151, 238, 210, 152, 121, 72, 115, 155, 40, 118, 76, 87, 73, 83, 33, 67, 63, 84, 133, 250, 168, 150, 3, 235, 92, 22, 145, 279, 241, 154, 233, 208, 209, 211, 136, 147, 197, 198, 219, 218, 192, 178, 140, 175, 183, 162, 80, 71, 158, 90, 174, 217, 146, 265, 131, 268, 18, 16, 266, 269, 259, 110, 213, 13, 12, 128, 78, 81, 104, 172, 109, 34, 91, 240, 247, 248, 191, 79, 93, 263, 273, 201, 203, 4, 237, 220, 212, 228, 24, 127, 132, 124, 32, 267, 139, 185, 236, 117, 97, 96, 194, 196, 179, 68, 37, 60, 114, 77, 190, 39, 70, 111, 165, 89, 65, 176, 181, 186, 120, 157, 202, 141, 38, 55, 75, 137, 256, 205, 222, 232, 243, 1, 112, 160, 159, 88, 180, 64, 167, 123, 49, 138, 214, 135, 193, 74, 10, 258, 0, 177, 184, 161, 148, 274, 255, 257, 14, 129, 130, 50, 27, 125, 11, 48, 54, 82, 108, 30, 56, 229, 106, 122, 51, 103, 66, 85, 166, 173, 69, 45, 59, 223, 215, 245, 234, 7, 6]
Best distance : 21572.904373448066

Results for ali535.tsp:
Best tour : [62, 47, 256, 268, 124, 447, 365, 395, 261, 473, 89, 383, 201, 457, 533, 328, 526, 519, 81, 38, 406, 341, 76, 74, 449, 461, 98, 272, 270, 209, 24, 139, 205, 127, 31, 458, 507, 425, 203, 277, 520, 82, 353, 319, 336, 356, 234, 374, 128, 113, 159, 207, 21, 61, 370, 198, 232, 167, 440, 464, 436, 392, 26, 87, 506, 15, 46, 42, 135, 80, 480, 329, 524, 362, 495, 22, 315, 301, 337, 126, 169, 492, 192, 400, 493, 412, 504, 474, 471, 334, 278, 64, 196, 290, 287, 45, 10, 401, 435, 122, 133, 242, 484, 20, 295, 160, 408, 184, 415, 117, 153, 258, 313, 274, 263, 219, 479, 348, 235, 321, 375, 487, 11, 134, 475, 332, 28, 185, 60, 19, 0, 496, 478, 174, 494, 444, 131, 399, 106, 166, 90, 411, 30, 223, 512, 119, 96, 163, 164, 148, 282, 254, 108, 37, 350, 210, 193, 405, 7, 165, 283, 178, 454, 53, 476, 497, 465, 206, 199, 102, 218, 79, 107, 182, 71, 430, 363, 130, 171, 27, 264, 265, 292, 29, 396, 361, 469, 77, 427, 230, 216, 316, 372, 225, 233, 452, 296, 173, 110, 66, 271, 279, 390, 1, 294, 269, 453, 52, 354, 191, 323, 326, 402, 422, 186, 175, 327, 236, 288, 78, 9, 2, 448, 67, 532, 32, 343, 195, 190, 181, 275, 57, 501, 179, 95, 302, 366, 140, 311, 43, 445, 345, 5, 112, 371, 155, 115, 194, 189, 8, 428, 355, 170, 320, 257, 434, 63, 431, 309, 398, 393, 146, 528, 330, 404, 387, 273, 433, 515, 224, 121, 92, 318, 380, 239, 522, 222, 276, 86, 331, 384, 291, 389, 351, 248, 358, 505, 485, 325, 502, 238, 240, 521, 486, 459, 472, 503, 91, 342, 202, 314, 16, 118, 250, 114, 75, 394, 262, 409, 346, 488, 156, 468, 530, 414, 511, 197, 317, 252, 152, 215, 211, 306, 157, 243, 419, 483, 376, 368, 344, 69, 100, 49, 94, 154, 17, 529, 508, 208, 93, 509, 388, 41, 83, 293, 158, 531, 333, 514, 367, 477, 13, 297, 132, 141, 442, 416, 463, 23, 4, 228, 116, 364, 426, 450, 379, 129, 284, 266, 176, 513, 500, 161, 491, 88, 255, 6, 168, 3, 204, 304, 231, 35, 188, 138, 137, 340, 499, 221, 437, 56, 347, 39, 183, 249, 300, 298, 308, 151, 143, 172, 72, 490, 245, 280, 259, 14, 125, 103, 386, 310, 460, 391, 305, 307, 251, 420, 111, 407, 377, 312, 267, 177, 44, 421, 65, 339, 413, 285, 54, 214, 55, 403, 247, 516, 443, 523, 467, 246, 324, 286, 299, 70, 12, 385, 360, 451, 97, 51, 397, 73, 432, 423, 510, 180, 25, 489, 470, 84, 136, 48, 85, 518, 58, 424, 68, 150, 418, 50, 357, 260, 101, 144, 481, 227, 99, 187, 439, 217, 322, 462, 213, 378, 237, 18, 369, 123, 34, 120, 212, 446, 36, 456, 226, 525, 517, 527, 381, 241, 303, 349, 441, 40, 382, 281, 289, 220, 498, 352, 162, 244, 109, 149, 534, 104, 59, 253, 33, 335, 373, 482, 438, 429, 410, 200, 417, 142, 466, 359, 229, 105, 147, 145, 455, 338]
Best distance : 20631.7824584853

Results for att48.tsp:
NAME : att48
COMMENT : 48 capitals of the US (Padberg/Rinaldi)
DIMENSION : 48
Best tour : [39, 32, 19, 13, 23, 11, 45, 35, 14, 46, 36, 8, 37, 17, 43, 30, 10, 15, 42, 26, 5, 41, 9, 25, 3, 24, 38, 31, 1, 21, 12, 22, 16, 29, 27, 6, 18, 33, 7, 0, 20, 44, 4, 40, 28, 34, 47, 2]
Best distance : 97436.58841546612

Results for att532.tsp:
NAME : att532
COMMENT : 532-city problem (Padberg/Rinaldi)
DIMENSION : 532
Best tour : [25, 23, 31, 96, 210, 133, 72, 256, 130, 161, 249, 523, 504, 139, 315, 266, 246, 229, 279, 202, 390, 15, 13, 442, 365, 247, 319, 227, 194, 328, 291, 418, 476, 34, 32, 54, 65, 70, 45, 321, 164, 151, 222, 466, 201, 28, 204, 180, 173, 160, 75, 183, 342, 325, 489, 422, 419, 308, 320, 318, 364, 458, 140, 79, 76, 131, 142, 111, 35, 67, 468, 426, 464, 305, 16, 500, 301, 145, 181, 207, 225, 193, 14, 11, 92, 373, 50, 86, 62, 95, 254, 286, 71, 330, 340, 369, 374, 138, 381, 450, 38, 63, 80, 185, 311, 361, 41, 326, 295, 270, 341, 324, 153, 146, 122, 272, 108, 429, 285, 248, 186, 97, 303, 348, 370, 354, 334, 323, 518, 416, 350, 331, 344, 283, 121, 182, 90, 26, 18, 29, 89, 412, 148, 9, 278, 118, 198, 288, 103, 48, 114, 112, 132, 314, 236, 94, 376, 397, 515, 215, 209, 343, 339, 187, 40, 473, 379, 399, 217, 290, 245, 407, 240, 205, 275, 282, 372, 220, 152, 228, 78, 82, 59, 56, 43, 44, 64, 24, 463, 488, 19, 46, 150, 316, 420, 269, 297, 83, 199, 167, 149, 333, 104, 4, 3, 338, 446, 462, 257, 439, 192, 84, 93, 53, 58, 37, 0, 157, 434, 469, 460, 221, 239, 22, 190, 85, 106, 293, 206, 189, 264, 332, 431, 487, 241, 512, 514, 174, 169, 135, 212, 255, 277, 336, 289, 284, 242, 219, 497, 427, 454, 491, 461, 393, 392, 498, 513, 155, 208, 485, 490, 503, 524, 494, 413, 211, 337, 163, 235, 436, 2, 136, 141, 430, 200, 259, 232, 100, 226, 119, 102, 203, 395, 57, 351, 306, 345, 304, 197, 268, 168, 296, 52, 358, 482, 385, 313, 421, 471, 472, 496, 55, 8, 10, 486, 465, 516, 506, 531, 98, 51, 129, 61, 60, 294, 456, 68, 501, 481, 448, 453, 280, 233, 251, 188, 508, 457, 483, 499, 384, 402, 125, 113, 274, 367, 252, 261, 195, 218, 162, 432, 383, 253, 441, 262, 179, 424, 414, 276, 77, 33, 116, 386, 521, 158, 480, 281, 265, 357, 437, 435, 443, 517, 510, 474, 475, 528, 362, 234, 244, 124, 99, 7, 299, 231, 6, 302, 110, 196, 36, 42, 47, 165, 88, 175, 27, 21, 107, 403, 387, 425, 17, 438, 404, 263, 398, 356, 123, 502, 238, 292, 115, 505, 493, 411, 447, 309, 520, 511, 479, 484, 445, 346, 525, 478, 507, 171, 91, 449, 224, 258, 408, 428, 81, 126, 127, 170, 109, 223, 166, 400, 470, 394, 87, 359, 120, 213, 214, 5, 144, 137, 530, 317, 307, 312, 388, 529, 405, 360, 353, 20, 177, 154, 184, 378, 327, 371, 66, 69, 101, 467, 455, 401, 230, 176, 406, 417, 349, 273, 30, 49, 433, 147, 389, 451, 492, 300, 298, 143, 271, 287, 410, 526, 216, 352, 191, 178, 159, 444, 347, 363, 423, 375, 522, 250, 335, 355, 243, 380, 366, 117, 74, 134, 105, 267, 377, 310, 509, 527, 519, 368, 440, 172, 156, 1, 452, 459, 415, 396, 322, 12, 260, 128, 39, 73, 409, 391, 237, 329, 477, 495, 382]
Best distance : 928060.2963922529

Results for berlin52.tsp:
Best tour : [17, 41, 46, 13, 51, 8, 9, 45, 25, 49, 43, 33, 3, 24, 28, 4, 12, 7, 14, 39, 31, 40, 18, 34, 37, 47, 5, 23, 36, 38, 20, 1, 27, 29, 21, 44, 10, 42, 48, 16, 32, 0, 2, 22, 19, 35, 11, 26, 15, 50, 30, 6]
Best distance : 24470.868519043903

Results for bier127.tsp:
NAME : bier127
COMMENT : 127 Biergaerten in Augsburg (Juenger/Reinelt)
DIMENSION : 127
Best tour : [58, 38, 27, 116, 8, 63, 86, 45, 106, 29, 125, 42, 28, 24, 98, 114, 102, 53, 120, 123, 44, 112, 99, 41, 117, 11, 30, 21, 20, 17, 74, 78, 77, 67, 118, 49, 119, 19, 91, 75, 90, 60, 55, 4, 35, 13, 25, 14, 3, 51, 6, 56, 70, 115, 66, 59, 88, 64, 72, 26, 5, 18, 111, 69, 61, 12, 0, 23, 65, 34, 104, 16, 79, 73, 121, 37, 39, 36, 110, 47, 92, 122, 9, 1, 15, 46, 10, 43, 126, 40, 50, 113, 22, 105, 97, 57, 107, 71, 94, 52, 103, 2, 89, 100, 82, 76, 80, 83, 81, 33, 32, 87, 109, 101, 85, 84, 108, 95, 68, 96, 62, 7, 124, 93, 48, 54, 31]
Best distance : 482654.6659804858

Results for a280.tsp:
NAME : a280
COMMENT : drilling problem (Ludwig)
Best tour : [23, 126, 15, 135, 266, 218, 221, 235, 255, 216, 220, 231, 229, 278, 209, 211, 270, 253, 214, 215, 199, 225, 7, 9, 132, 21, 24, 127, 20, 18, 194, 147, 146, 17, 14, 12, 22, 51, 40, 36, 19, 144, 239, 39, 259, 260, 10, 155, 160, 189, 185, 59, 110, 109, 45, 47, 57, 62, 117, 30, 28, 256, 234, 237, 112, 105, 64, 66, 103, 171, 170, 48, 179, 202, 242, 49, 151, 177, 257, 267, 201, 111, 183, 145, 16, 198, 217, 213, 272, 134, 184, 268, 269, 5, 34, 61, 188, 204, 222, 223, 102, 243, 2, 1, 88, 141, 13, 275, 136, 52, 65, 83, 130, 149, 124, 97, 78, 72, 172, 55, 226, 207, 205, 206, 238, 254, 42, 56, 43, 74, 104, 90, 152, 31, 142, 58, 91, 168, 87, 82, 63, 115, 75, 186, 163, 68, 169, 164, 143, 84, 70, 129, 29, 246, 249, 250, 230, 100, 158, 181, 224, 228, 137, 95, 139, 227, 176, 271, 38, 60, 233, 208, 53, 50, 154, 32, 119, 153, 11, 6, 86, 279, 73, 25, 277, 3, 261, 98, 92, 96, 156, 263, 264, 252, 265, 148, 128, 125, 26, 46, 276, 67, 150, 69, 41, 44, 138, 232, 4, 241, 8, 262, 123, 166, 133, 236, 101, 167, 165, 159, 174, 173, 182, 114, 81, 197, 195, 247, 178, 121, 108, 76, 113, 106, 37, 35, 161, 71, 190, 219, 203, 245, 244, 93, 80, 79, 54, 85, 193, 162, 192, 196, 273, 258, 175, 191, 120, 94, 89, 99, 122, 210, 248, 131, 27, 157, 33, 180, 116, 77, 118, 212, 187, 140, 274, 240, 0, 251, 107, 200]
Best distance : 22383.37451821991

Results for ali535.tsp:
Best tour : [280, 501, 514, 522, 239, 153, 80, 387, 20, 381, 517, 512, 223, 82, 257, 270, 209, 89, 490, 242, 169, 46, 261, 473, 355, 504, 399, 29, 75, 344, 192, 400, 493, 364, 116, 124, 148, 530, 61, 336, 313, 274, 285, 5, 57, 112, 276, 190, 524, 516, 499, 224, 527, 48, 267, 54, 115, 411, 117, 415, 184, 403, 282, 450, 130, 88, 272, 208, 528, 454, 263, 418, 436, 457, 533, 173, 110, 113, 128, 126, 140, 366, 302, 430, 321, 395, 339, 166, 66, 496, 320, 283, 178, 19, 529, 331, 121, 361, 304, 204, 25, 340, 85, 346, 47, 354, 281, 8, 165, 17, 7, 71, 480, 497, 476, 53, 84, 525, 43, 114, 435, 488, 122, 6, 475, 210, 393, 309, 446, 398, 225, 275, 258, 368, 376, 146, 183, 383, 201, 444, 506, 394, 357, 195, 328, 326, 463, 440, 216, 511, 461, 334, 532, 464, 171, 131, 229, 474, 471, 12, 24, 27, 90, 170, 489, 486, 168, 325, 316, 468, 481, 163, 164, 385, 119, 65, 36, 300, 513, 205, 483, 259, 379, 243, 335, 179, 95, 359, 377, 74, 213, 404, 132, 135, 408, 21, 45, 419, 498, 220, 352, 330, 509, 15, 519, 269, 174, 459, 22, 58, 150, 288, 365, 510, 100, 412, 451, 231, 318, 92, 278, 492, 396, 97, 372, 123, 32, 294, 502, 18, 378, 423, 143, 151, 360, 219, 50, 94, 494, 384, 188, 520, 515, 443, 438, 1, 407, 98, 342, 531, 358, 322, 462, 505, 303, 51, 203, 235, 350, 147, 26, 291, 249, 227, 337, 289, 431, 63, 176, 252, 237, 0, 390, 460, 449, 453, 386, 465, 9, 13, 452, 181, 111, 427, 193, 108, 254, 301, 315, 362, 442, 347, 49, 469, 500, 388, 31, 458, 56, 484, 401, 202, 491, 118, 28, 185, 332, 298, 353, 413, 69, 428, 133, 234, 356, 410, 200, 103, 425, 507, 422, 158, 3, 455, 233, 197, 215, 341, 30, 369, 139, 424, 256, 268, 230, 445, 271, 279, 67, 248, 296, 191, 214, 323, 206, 284, 266, 314, 277, 441, 437, 175, 405, 374, 207, 402, 125, 52, 478, 161, 198, 370, 434, 154, 448, 35, 101, 306, 105, 91, 409, 44, 155, 70, 348, 99, 466, 79, 107, 338, 189, 177, 247, 397, 429, 523, 81, 136, 308, 526, 144, 156, 64, 371, 292, 149, 240, 345, 485, 145, 447, 16, 351, 260, 287, 182, 508, 93, 157, 34, 373, 312, 255, 236, 416, 217, 76, 23, 367, 363, 172, 37, 349, 194, 487, 421, 60, 199, 83, 245, 55, 479, 226, 311, 482, 196, 238, 299, 167, 333, 286, 324, 310, 77, 14, 160, 264, 265, 152, 40, 78, 39, 127, 426, 521, 319, 86, 241, 470, 222, 495, 420, 141, 109, 72, 305, 307, 102, 218, 389, 137, 138, 392, 503, 232, 104, 10, 439, 159, 382, 375, 62, 380, 87, 211, 343, 106, 73, 290, 295, 187, 59, 329, 221, 228, 33, 477, 2, 186, 96, 42, 518, 456, 120, 414, 244, 251, 317, 293, 406, 41, 134, 246, 391, 432, 433, 162, 250, 38, 467, 142, 262, 4, 68, 11, 212, 472, 129, 253, 297, 417, 273, 180, 327, 534]
Best distance : 20586.26471686378

Results for att48.tsp:
NAME : att48
COMMENT : 48 capitals of the US (Padberg/Rinaldi)
DIMENSION : 48
Best tour : [15, 21, 37, 10, 12, 13, 22, 29, 42, 28, 31, 38, 17, 6, 27, 19, 46, 14, 39, 11, 47, 24, 20, 43, 23, 7, 4, 26, 36, 16, 2, 9, 41, 45, 32, 8, 0, 35, 18, 30, 5, 40, 3, 25, 1, 34, 44, 33]
Best distance : 105014.46917127773

Results for att532.tsp:
NAME : att532
COMMENT : 532-city problem (Padberg/Rinaldi)
DIMENSION : 532
Best tour : [364, 344, 341, 117, 171, 35, 31, 12, 7, 146, 120, 121, 60, 61, 307, 187, 66, 53, 86, 425, 338, 269, 527, 525, 528, 470, 26, 426, 296, 328, 272, 166, 176, 283, 298, 169, 490, 196, 205, 20, 444, 381, 286, 77, 524, 514, 517, 502, 471, 421, 390, 391, 226, 165, 395, 130, 119, 134, 291, 96, 379, 418, 63, 76, 333, 376, 228, 91, 231, 207, 325, 354, 342, 493, 505, 263, 8, 6, 46, 13, 90, 415, 433, 79, 57, 510, 278, 132, 403, 428, 504, 260, 204, 340, 281, 304, 128, 84, 268, 251, 25, 32, 34, 213, 358, 335, 265, 124, 188, 55, 199, 11, 42, 112, 93, 184, 179, 125, 162, 65, 92, 129, 114, 236, 144, 163, 404, 33, 118, 102, 40, 29, 45, 343, 413, 408, 232, 270, 203, 386, 54, 177, 288, 312, 38, 73, 111, 109, 157, 39, 406, 361, 274, 295, 287, 224, 259, 417, 181, 89, 52, 36, 509, 355, 273, 237, 59, 107, 103, 81, 70, 160, 49, 131, 297, 266, 284, 382, 141, 158, 2, 256, 211, 225, 383, 85, 98, 68, 373, 267, 234, 368, 106, 168, 363, 123, 10, 41, 43, 28, 37, 19, 317, 94, 133, 300, 198, 352, 330, 51, 44, 126, 483, 491, 507, 445, 496, 346, 345, 332, 321, 217, 357, 314, 452, 467, 469, 246, 113, 99, 230, 310, 289, 219, 238, 313, 316, 465, 472, 474, 464, 456, 451, 463, 449, 430, 477, 501, 362, 405, 479, 396, 380, 140, 145, 454, 480, 506, 62, 135, 530, 466, 455, 441, 453, 326, 215, 202, 137, 148, 261, 229, 264, 214, 492, 500, 220, 427, 324, 306, 64, 412, 161, 369, 411, 159, 498, 513, 200, 208, 331, 233, 323, 189, 294, 180, 17, 21, 24, 142, 150, 149, 139, 193, 194, 257, 245, 155, 172, 97, 389, 75, 478, 447, 435, 437, 438, 275, 327, 367, 87, 280, 244, 365, 432, 407, 105, 23, 101, 116, 167, 192, 71, 351, 394, 173, 440, 446, 409, 375, 350, 191, 216, 360, 457, 473, 518, 423, 108, 153, 183, 223, 315, 248, 67, 254, 305, 290, 262, 299, 252, 80, 241, 258, 285, 276, 311, 178, 175, 240, 436, 434, 481, 292, 164, 170, 212, 247, 319, 531, 448, 439, 370, 174, 356, 182, 302, 190, 209, 22, 16, 82, 110, 104, 420, 475, 488, 484, 460, 468, 397, 359, 371, 95, 378, 520, 503, 495, 485, 402, 387, 301, 385, 242, 277, 431, 349, 147, 459, 0, 72, 487, 400, 372, 271, 322, 414, 511, 515, 512, 523, 206, 197, 401, 255, 221, 243, 239, 526, 522, 461, 384, 69, 249, 122, 27, 253, 115, 30, 235, 56, 58, 15, 18, 78, 4, 347, 494, 497, 74, 309, 222, 83, 279, 308, 88, 5, 14, 48, 3, 422, 348, 489, 416, 392, 374, 388, 377, 334, 336, 508, 393, 398, 443, 424, 450, 293, 186, 303, 442, 516, 529, 218, 210, 154, 195, 318, 201, 136, 127, 47, 9, 320, 152, 185, 1, 458, 282, 476, 50, 250, 519, 521, 499, 429, 419, 462, 399, 329, 143, 151, 227, 100, 366, 337, 410, 482, 353, 339, 138, 156, 486]
Best distance : 889631.4805316632

Results for berlin52.tsp:
Best tour : [7, 48, 39, 21, 38, 18, 49, 28, 30, 17, 16, 1, 22, 36, 11, 35, 40, 6, 41, 0, 24, 26, 25, 51, 12, 27, 15, 47, 43, 23, 5, 3, 34, 33, 45, 10, 29, 8, 9, 20, 31, 13, 37, 4, 14, 19, 2, 32, 44, 46, 42, 50]
Best distance : 22927.784768199963

Results for bier127.tsp:
NAME : bier127
COMMENT : 127 Biergaerten in Augsburg (Juenger/Reinelt)
DIMENSION : 127
Best tour : [50, 119, 105, 5, 107, 19, 18, 22, 11, 29, 40, 33, 111, 8, 44, 39, 43, 1, 36, 91, 90, 70, 66, 45, 117, 47, 9, 109, 57, 16, 26, 0, 101, 23, 71, 93, 102, 122, 96, 67, 106, 2, 104, 115, 61, 80, 77, 108, 58, 73, 30, 83, 48, 92, 27, 17, 76, 7, 14, 20, 3, 10, 28, 6, 84, 81, 41, 94, 25, 12, 62, 63, 59, 89, 4, 34, 13, 15, 120, 51, 53, 56, 74, 86, 85, 87, 95, 114, 78, 68, 64, 99, 21, 60, 72, 42, 35, 31, 32, 121, 55, 65, 54, 52, 113, 98, 112, 75, 116, 82, 123, 38, 37, 88, 103, 126, 49, 79, 24, 97, 110, 100, 69, 118, 125, 46, 124]
Best distance : 483070.9900367297

Results for a280.tsp:
NAME : a280
COMMENT : drilling problem (Ludwig)
Best tour : [195, 150, 149, 100, 228, 192, 190, 214, 67, 69, 14, 193, 231, 96, 56, 60, 90, 57, 59, 191, 51, 50, 38, 55, 63, 61, 115, 173, 129, 54, 251, 257, 102, 94, 89, 147, 174, 44, 157, 179, 177, 175, 176, 266, 267, 82, 83, 86, 111, 85, 109, 105, 164, 169, 145, 161, 133, 124, 184, 108, 199, 203, 202, 97, 65, 107, 74, 183, 186, 232, 248, 240, 153, 264, 132, 154, 25, 245, 230, 34, 255, 226, 206, 170, 171, 136, 165, 21, 23, 131, 123, 122, 92, 189, 116, 126, 28, 158, 156, 151, 33, 13, 268, 269, 121, 272, 80, 81, 78, 260, 204, 207, 209, 250, 254, 249, 276, 258, 229, 213, 216, 220, 215, 208, 237, 144, 200, 142, 262, 238, 223, 10, 256, 27, 181, 168, 87, 91, 233, 218, 172, 5, 275, 52, 46, 42, 58, 43, 71, 29, 40, 62, 106, 252, 163, 178, 265, 253, 259, 8, 273, 3, 243, 244, 118, 32, 15, 201, 194, 182, 134, 4, 125, 221, 110, 162, 185, 188, 88, 117, 64, 159, 128, 114, 234, 222, 30, 152, 45, 139, 196, 246, 2, 155, 119, 35, 37, 49, 53, 39, 47, 166, 103, 104, 235, 224, 146, 41, 66, 72, 167, 98, 140, 197, 137, 270, 9, 6, 20, 75, 84, 36, 16, 141, 68, 70, 219, 19, 31, 101, 79, 212, 210, 263, 241, 7, 271, 277, 99, 198, 0, 242, 225, 274, 180, 93, 17, 130, 12, 22, 11, 261, 1, 77, 76, 205, 227, 112, 138, 160, 18, 127, 26, 143, 135, 148, 279, 95, 187, 239, 73, 211, 217, 278, 247, 236, 113, 48, 120, 24]
Best distance : 22863.219432897273

Results for ali535.tsp:
Best tour : [299, 449, 523, 168, 437, 254, 108, 392, 106, 169, 529, 528, 464, 355, 258, 318, 491, 532, 380, 143, 440, 167, 175, 195, 257, 165, 374, 183, 198, 370, 401, 12, 15, 57, 92, 27, 365, 328, 209, 270, 74, 486, 313, 274, 192, 482, 5, 1, 513, 244, 224, 96, 62, 400, 493, 24, 387, 442, 22, 58, 4, 433, 125, 86, 337, 342, 396, 460, 339, 390, 93, 508, 415, 184, 117, 253, 284, 266, 497, 171, 285, 279, 271, 82, 202, 227, 21, 315, 222, 426, 309, 214, 357, 477, 78, 419, 307, 305, 191, 411, 468, 388, 114, 28, 185, 397, 340, 522, 239, 75, 412, 276, 511, 492, 188, 37, 136, 156, 53, 476, 465, 430, 128, 113, 510, 54, 413, 361, 334, 261, 473, 399, 463, 59, 314, 496, 213, 197, 100, 326, 451, 146, 158, 480, 530, 304, 204, 336, 344, 485, 394, 45, 235, 358, 453, 29, 454, 444, 292, 98, 376, 368, 265, 161, 186, 431, 63, 407, 61, 87, 469, 132, 135, 494, 126, 245, 404, 277, 121, 0, 194, 273, 231, 418, 215, 363, 139, 414, 46, 316, 178, 14, 402, 94, 225, 351, 18, 236, 182, 118, 206, 80, 69, 17, 130, 459, 211, 422, 516, 177, 520, 512, 223, 145, 310, 144, 40, 152, 196, 324, 286, 52, 395, 129, 157, 99, 505, 393, 398, 163, 164, 423, 151, 517, 518, 320, 343, 174, 90, 294, 353, 289, 263, 16, 373, 241, 275, 484, 233, 89, 427, 238, 306, 73, 180, 25, 462, 322, 153, 283, 101, 347, 291, 389, 218, 331, 445, 446, 210, 172, 450, 384, 383, 201, 160, 187, 295, 416, 471, 474, 228, 282, 20, 367, 514, 97, 372, 272, 490, 296, 264, 23, 44, 487, 200, 410, 91, 507, 425, 122, 150, 298, 509, 49, 323, 434, 526, 521, 41, 208, 35, 19, 173, 110, 66, 159, 81, 267, 332, 362, 470, 452, 170, 111, 138, 137, 443, 438, 124, 385, 297, 360, 268, 256, 311, 308, 475, 375, 356, 234, 36, 531, 77, 287, 303, 534, 478, 408, 524, 232, 34, 83, 481, 341, 71, 199, 364, 116, 112, 330, 345, 379, 479, 317, 123, 64, 67, 506, 489, 495, 301, 417, 335, 519, 461, 147, 251, 391, 386, 127, 457, 533, 300, 260, 501, 436, 219, 325, 155, 179, 95, 515, 456, 48, 42, 148, 499, 65, 302, 140, 447, 133, 43, 247, 6, 255, 7, 483, 51, 406, 502, 525, 312, 68, 381, 119, 60, 105, 441, 70, 30, 216, 500, 88, 84, 10, 11, 472, 120, 47, 421, 352, 242, 455, 13, 8, 33, 467, 207, 354, 115, 166, 319, 176, 32, 56, 488, 26, 142, 230, 39, 248, 349, 448, 250, 246, 141, 109, 327, 131, 237, 240, 290, 193, 382, 409, 3, 280, 262, 269, 527, 205, 428, 181, 103, 348, 259, 281, 252, 2, 420, 466, 107, 378, 72, 405, 31, 458, 498, 220, 217, 102, 50, 104, 432, 429, 321, 377, 359, 439, 350, 333, 249, 288, 9, 85, 38, 243, 203, 154, 162, 189, 226, 293, 149, 346, 229, 503, 403, 435, 369, 278, 504, 371, 76, 329, 212, 221, 134, 338, 79, 424, 366, 55, 190]
Best distance : 21201.99362706056

Results for att48.tsp:
NAME : att48
COMMENT : 48 capitals of the US (Padberg/Rinaldi)
DIMENSION : 48
Best tour : [7, 8, 43, 10, 42, 35, 32, 38, 41, 3, 12, 33, 37, 21, 36, 11, 39, 9, 27, 16, 6, 17, 29, 18, 26, 34, 44, 24, 31, 47, 5, 14, 45, 19, 0, 20, 4, 1, 40, 46, 2, 15, 25, 30, 28, 23, 13, 22]
Best distance : 118768.13474552374

Results for att532.tsp:
NAME : att532
COMMENT : 532-city problem (Padberg/Rinaldi)
DIMENSION : 532
Best tour : [304, 225, 182, 8, 7, 12, 123, 165, 166, 231, 186, 417, 180, 302, 174, 193, 434, 402, 217, 93, 92, 158, 323, 94, 91, 141, 113, 52, 5, 6, 28, 36, 78, 20, 10, 365, 137, 157, 268, 324, 306, 481, 334, 237, 521, 470, 448, 482, 80, 287, 147, 308, 530, 344, 97, 319, 64, 294, 274, 285, 362, 385, 159, 378, 266, 312, 314, 338, 327, 295, 243, 221, 311, 208, 60, 368, 522, 507, 526, 181, 443, 438, 437, 413, 196, 280, 269, 283, 248, 508, 112, 17, 390, 419, 14, 21, 84, 83, 292, 117, 415, 497, 121, 115, 460, 476, 401, 23, 31, 142, 218, 50, 47, 53, 82, 114, 49, 210, 99, 345, 202, 469, 467, 257, 224, 188, 398, 435, 452, 204, 1, 29, 485, 163, 216, 367, 412, 506, 525, 108, 387, 414, 278, 247, 127, 164, 347, 318, 199, 153, 173, 322, 407, 346, 524, 219, 286, 254, 299, 251, 152, 51, 341, 332, 386, 265, 170, 409, 418, 411, 233, 315, 307, 276, 264, 106, 215, 111, 46, 379, 329, 335, 473, 440, 501, 477, 441, 459, 504, 468, 161, 176, 195, 375, 339, 353, 89, 472, 463, 474, 479, 360, 377, 239, 313, 242, 79, 150, 74, 90, 30, 25, 95, 185, 529, 258, 275, 262, 263, 220, 235, 270, 462, 446, 455, 420, 505, 483, 495, 457, 388, 48, 138, 445, 456, 520, 523, 515, 488, 502, 238, 316, 160, 149, 291, 214, 213, 200, 253, 206, 118, 178, 223, 355, 442, 490, 431, 369, 256, 197, 321, 205, 18, 384, 183, 228, 57, 65, 88, 133, 230, 177, 148, 241, 179, 124, 144, 293, 273, 380, 303, 244, 109, 77, 56, 54, 70, 22, 33, 110, 87, 41, 45, 44, 103, 351, 130, 222, 151, 395, 374, 383, 73, 105, 132, 107, 129, 229, 184, 34, 190, 333, 279, 281, 128, 134, 155, 187, 169, 194, 246, 19, 240, 288, 449, 461, 458, 212, 328, 348, 408, 416, 480, 494, 102, 425, 404, 226, 227, 403, 146, 454, 427, 450, 298, 75, 528, 513, 394, 272, 245, 122, 86, 24, 27, 156, 172, 284, 66, 236, 71, 405, 356, 261, 171, 516, 317, 168, 175, 4, 249, 499, 43, 310, 277, 330, 340, 496, 326, 428, 451, 465, 471, 464, 376, 250, 201, 101, 297, 430, 399, 11, 3, 2, 207, 131, 81, 296, 342, 191, 167, 139, 38, 162, 489, 466, 492, 493, 126, 400, 486, 510, 512, 511, 519, 498, 517, 509, 382, 389, 336, 67, 259, 154, 13, 15, 392, 410, 371, 354, 343, 366, 381, 189, 364, 423, 119, 72, 76, 58, 35, 63, 359, 40, 421, 484, 491, 192, 373, 69, 331, 325, 136, 422, 444, 337, 361, 309, 432, 429, 436, 372, 300, 120, 61, 358, 424, 518, 503, 370, 62, 96, 104, 140, 85, 475, 478, 55, 100, 252, 271, 282, 125, 26, 37, 42, 59, 9, 16, 0, 39, 363, 439, 453, 487, 514, 352, 289, 301, 255, 267, 234, 135, 203, 232, 143, 406, 447, 290, 350, 500, 433, 426, 211, 209, 145, 357, 68, 397, 349, 531, 396, 305, 98, 198, 527, 260, 320, 391, 393, 32, 116]
Best distance : 893711.6519553465

Results for berlin52.tsp:
Best tour : [13, 14, 21, 48, 30, 42, 28, 19, 15, 49, 22, 18, 44, 16, 29, 38, 35, 34, 33, 1, 6, 46, 9, 7, 45, 43, 37, 36, 20, 47, 31, 0, 17, 41, 27, 51, 26, 11, 5, 39, 12, 32, 8, 40, 23, 50, 25, 4, 3, 24, 2, 10]
Best distance : 22279.655720377817

Results for bier127.tsp:
NAME : bier127
COMMENT : 127 Biergaerten in Augsburg (Juenger/Reinelt)
DIMENSION : 127
Best tour : [2, 94, 102, 41, 38, 39, 42, 24, 101, 50, 43, 44, 34, 18, 71, 5, 100, 82, 6, 104, 26, 93, 83, 116, 76, 72, 33, 9, 59, 115, 29, 25, 37, 31, 75, 15, 16, 13, 27, 105, 107, 30, 23, 113, 4, 17, 8, 10, 35, 36, 55, 119, 1, 117, 46, 114, 118, 81, 68, 109, 64, 123, 89, 77, 22, 3, 21, 19, 14, 86, 92, 7, 40, 99, 57, 63, 70, 73, 48, 52, 51, 56, 49, 58, 12, 80, 67, 69, 11, 61, 60, 122, 32, 54, 112, 20, 66, 121, 28, 0, 96, 78, 108, 65, 111, 98, 95, 110, 45, 47, 90, 120, 53, 85, 84, 87, 103, 88, 124, 125, 79, 91, 126, 106, 74, 62, 97]
Best distance : 466972.5374333855

Results for a280.tsp:
NAME : a280
COMMENT : drilling problem (Ludwig)
Best tour : [24, 191, 168, 170, 171, 172, 112, 56, 135, 147, 178, 9, 10, 181, 256, 257, 259, 273, 203, 208, 243, 253, 268, 142, 13, 76, 73, 64, 57, 18, 121, 65, 113, 85, 116, 215, 164, 163, 160, 175, 157, 158, 176, 66, 67, 266, 22, 59, 62, 80, 78, 167, 182, 36, 51, 103, 40, 70, 159, 275, 255, 183, 190, 149, 32, 45, 221, 236, 237, 230, 124, 150, 200, 83, 267, 137, 145, 140, 141, 143, 202, 161, 162, 81, 102, 104, 205, 105, 89, 117, 129, 127, 132, 44, 46, 52, 72, 231, 206, 261, 209, 138, 194, 23, 130, 30, 152, 272, 271, 269, 28, 263, 148, 16, 195, 227, 133, 155, 188, 193, 249, 197, 86, 177, 106, 187, 229, 238, 17, 91, 114, 63, 122, 120, 118, 241, 245, 198, 213, 186, 165, 174, 180, 179, 265, 258, 262, 242, 247, 250, 277, 2, 154, 125, 29, 12, 90, 169, 139, 97, 144, 156, 218, 216, 260, 21, 246, 244, 134, 185, 74, 54, 107, 94, 109, 166, 224, 5, 4, 254, 278, 233, 92, 79, 1, 0, 274, 251, 252, 26, 27, 14, 126, 222, 131, 53, 58, 61, 33, 31, 75, 82, 71, 119, 19, 47, 3, 279, 240, 234, 219, 39, 34, 37, 35, 123, 100, 136, 146, 204, 217, 128, 192, 270, 228, 20, 7, 6, 88, 87, 84, 211, 232, 226, 223, 212, 214, 220, 110, 101, 184, 98, 60, 42, 55, 41, 115, 225, 111, 201, 15, 11, 69, 25, 196, 93, 77, 108, 50, 49, 96, 95, 43, 264, 210, 276, 68, 248, 199, 151, 99, 173, 153, 48, 38, 8, 189, 207, 235, 239]
Best distance : 21806.501485604003

Results for ali535.tsp:
Best tour : [66, 113, 128, 183, 146, 21, 354, 127, 264, 166, 98, 265, 460, 142, 94, 35, 367, 318, 465, 53, 476, 497, 529, 384, 0, 396, 491, 314, 272, 260, 30, 40, 189, 296, 401, 484, 275, 258, 276, 504, 405, 463, 469, 75, 100, 508, 464, 188, 111, 371, 407, 54, 328, 285, 209, 270, 436, 304, 204, 336, 372, 373, 124, 512, 223, 148, 385, 119, 96, 210, 93, 138, 137, 22, 48, 120, 47, 192, 506, 400, 493, 454, 49, 156, 174, 457, 533, 202, 154, 269, 331, 24, 368, 376, 159, 10, 17, 14, 16, 284, 266, 160, 208, 411, 169, 41, 467, 453, 214, 197, 125, 334, 117, 349, 479, 513, 382, 483, 84, 357, 418, 90, 195, 510, 532, 161, 477, 361, 408, 170, 243, 71, 118, 62, 381, 360, 495, 364, 116, 65, 517, 239, 522, 295, 178, 67, 395, 15, 428, 358, 227, 347, 330, 86, 342, 79, 338, 220, 498, 486, 313, 274, 64, 339, 121, 248, 55, 297, 173, 110, 112, 289, 101, 345, 31, 458, 87, 292, 165, 201, 383, 294, 471, 474, 421, 340, 432, 392, 19, 91, 409, 417, 390, 449, 7, 379, 478, 462, 322, 500, 326, 56, 45, 157, 198, 370, 320, 283, 257, 281, 393, 398, 391, 59, 68, 527, 163, 359, 306, 99, 187, 531, 312, 501, 36, 194, 521, 76, 369, 437, 268, 256, 168, 394, 1, 180, 78, 412, 356, 234, 267, 177, 380, 44, 226, 143, 302, 366, 309, 242, 431, 63, 343, 344, 277, 505, 316, 461, 434, 104, 182, 74, 205, 323, 337, 271, 279, 12, 115, 414, 489, 211, 27, 365, 126, 459, 69, 388, 518, 321, 164, 520, 515, 433, 503, 524, 523, 203, 9, 32, 325, 162, 261, 473, 509, 263, 130, 114, 50, 216, 97, 230, 13, 184, 415, 46, 375, 37, 136, 179, 95, 426, 190, 70, 475, 51, 324, 286, 290, 193, 514, 387, 133, 43, 245, 319, 92, 153, 235, 228, 33, 332, 273, 423, 28, 185, 60, 6, 150, 456, 229, 109, 141, 280, 3, 293, 262, 511, 278, 419, 176, 397, 499, 140, 212, 446, 445, 310, 327, 244, 378, 485, 39, 105, 448, 181, 374, 452, 348, 199, 399, 413, 233, 82, 29, 355, 186, 300, 444, 132, 472, 482, 89, 303, 52, 404, 219, 20, 530, 26, 167, 440, 158, 291, 225, 144, 468, 2, 72, 534, 317, 238, 252, 430, 350, 424, 255, 481, 175, 494, 155, 425, 507, 410, 200, 429, 250, 23, 232, 171, 135, 34, 131, 237, 427, 435, 377, 147, 240, 139, 333, 129, 351, 403, 451, 249, 25, 301, 315, 490, 106, 528, 480, 420, 439, 236, 287, 145, 299, 386, 259, 151, 455, 525, 438, 443, 352, 107, 466, 305, 307, 346, 492, 5, 213, 496, 88, 191, 207, 217, 85, 108, 254, 519, 288, 487, 282, 231, 353, 73, 406, 251, 442, 83, 149, 246, 8, 58, 172, 4, 247, 42, 103, 422, 61, 81, 308, 311, 341, 502, 470, 241, 38, 152, 389, 102, 218, 516, 402, 363, 441, 526, 206, 215, 196, 222, 335, 298, 447, 362, 221, 253, 134, 122, 11, 18, 488, 123, 416, 80, 57, 329, 450, 77, 224]
Best distance : 20346.4815248431

Results for att48.tsp:
NAME : att48
COMMENT : 48 capitals of the US (Padberg/Rinaldi)
DIMENSION : 48
Best tour : [1, 10, 21, 39, 18, 40, 7, 8, 23, 15, 46, 20, 26, 42, 30, 37, 35, 27, 5, 36, 6, 17, 43, 29, 16, 11, 14, 45, 22, 3, 34, 33, 19, 32, 47, 4, 12, 41, 31, 24, 25, 9, 44, 28, 2, 38, 13, 0]
Best distance : 100252.05736597154

Results for att532.tsp:
NAME : att532
COMMENT : 532-city problem (Padberg/Rinaldi)
DIMENSION : 532
Best tour : [202, 306, 309, 424, 425, 438, 398, 56, 54, 104, 123, 186, 338, 384, 18, 403, 365, 299, 297, 230, 211, 463, 484, 479, 305, 107, 93, 70, 59, 112, 308, 272, 512, 511, 152, 147, 446, 476, 468, 469, 393, 335, 518, 382, 172, 326, 114, 33, 34, 45, 263, 131, 113, 179, 137, 153, 138, 316, 422, 443, 387, 274, 105, 279, 418, 39, 101, 106, 358, 60, 61, 234, 282, 133, 383, 491, 237, 15, 285, 52, 258, 130, 203, 507, 4, 375, 473, 347, 449, 212, 100, 164, 459, 250, 276, 208, 110, 82, 46, 111, 58, 154, 271, 7, 267, 171, 22, 501, 481, 224, 350, 435, 226, 227, 182, 126, 136, 319, 180, 173, 287, 290, 357, 293, 268, 320, 323, 315, 480, 489, 36, 49, 200, 161, 437, 380, 232, 174, 74, 187, 516, 103, 124, 419, 429, 436, 392, 199, 317, 364, 312, 149, 139, 526, 151, 115, 194, 21, 23, 14, 454, 431, 423, 225, 165, 119, 24, 235, 341, 361, 498, 486, 527, 530, 102, 55, 352, 510, 330, 313, 421, 355, 397, 502, 8, 528, 517, 519, 520, 506, 451, 496, 478, 514, 288, 229, 143, 218, 318, 331, 122, 71, 155, 409, 413, 402, 314, 163, 215, 241, 91, 447, 262, 379, 41, 88, 201, 406, 366, 168, 129, 92, 48, 20, 181, 207, 223, 410, 430, 356, 500, 497, 416, 278, 466, 428, 339, 304, 79, 144, 332, 31, 86, 261, 197, 256, 298, 146, 121, 291, 324, 217, 265, 249, 247, 294, 493, 118, 286, 27, 327, 414, 408, 450, 28, 51, 50, 99, 81, 195, 65, 9, 427, 162, 96, 483, 492, 405, 255, 460, 467, 242, 125, 337, 367, 372, 407, 321, 245, 214, 76, 12, 35, 29, 72, 275, 251, 280, 399, 281, 289, 389, 169, 220, 213, 295, 205, 43, 47, 26, 3, 2, 354, 513, 342, 277, 487, 524, 464, 170, 329, 273, 470, 455, 378, 394, 75, 259, 269, 490, 412, 25, 376, 117, 85, 166, 178, 283, 441, 83, 307, 30, 108, 97, 228, 244, 140, 160, 150, 189, 183, 440, 69, 57, 37, 396, 404, 426, 67, 42, 377, 175, 109, 134, 192, 204, 95, 264, 210, 184, 296, 400, 62, 64, 98, 159, 452, 417, 349, 456, 474, 257, 371, 344, 370, 369, 343, 253, 84, 499, 381, 176, 73, 19, 531, 461, 193, 240, 90, 77, 368, 325, 363, 10, 5, 6, 16, 32, 188, 145, 158, 475, 472, 420, 465, 373, 222, 233, 11, 270, 53, 390, 448, 395, 353, 522, 284, 340, 301, 346, 221, 219, 292, 231, 80, 167, 503, 521, 302, 311, 391, 44, 132, 206, 128, 148, 439, 252, 157, 236, 177, 196, 185, 246, 266, 243, 505, 523, 415, 198, 248, 508, 477, 482, 525, 509, 374, 135, 66, 360, 336, 238, 89, 142, 78, 494, 432, 444, 434, 303, 386, 127, 87, 120, 348, 458, 38, 63, 209, 13, 17, 260, 453, 457, 216, 433, 40, 116, 156, 68, 191, 385, 141, 359, 495, 0, 401, 310, 362, 488, 333, 300, 328, 334, 239, 351, 322, 94, 442, 388, 345, 504, 485, 254, 190, 445, 471, 515, 462, 411, 529, 1]
Best distance : 979145.76657384

Results for berlin52.tsp:
Best tour : [41, 26, 19, 2, 47, 5, 45, 12, 22, 20, 30, 33, 38, 34, 44, 16, 18, 21, 6, 49, 48, 31, 37, 39, 4, 36, 23, 28, 8, 9, 15, 24, 11, 51, 40, 35, 43, 0, 29, 1, 7, 10, 32, 42, 14, 25, 27, 50, 13, 17, 3, 46]
Best distance : 24209.730728758786

Results for bier127.tsp:
NAME : bier127
COMMENT : 127 Biergaerten in Augsburg (Juenger/Reinelt)
DIMENSION : 127
Best tour : [23, 10, 8, 33, 5, 107, 91, 4, 19, 22, 73, 51, 12, 49, 13, 32, 113, 58, 2, 48, 117, 46, 111, 118, 78, 62, 67, 104, 120, 3, 18, 114, 79, 20, 16, 57, 98, 17, 14, 71, 119, 53, 6, 37, 77, 83, 76, 72, 116, 56, 27, 42, 39, 30, 95, 86, 84, 85, 87, 44, 43, 92, 47, 112, 64, 38, 25, 94, 75, 26, 122, 1, 66, 45, 29, 126, 55, 90, 65, 54, 123, 105, 40, 74, 69, 82, 101, 70, 63, 21, 7, 97, 41, 115, 59, 60, 61, 50, 89, 68, 124, 80, 9, 106, 110, 52, 93, 121, 36, 35, 34, 15, 125, 28, 31, 103, 109, 108, 96, 81, 100, 24, 99, 11, 0, 102, 88]
Best distance : 455182.51935083355

Results for a280.tsp:
NAME : a280
COMMENT : drilling problem (Ludwig)
Best tour : [164, 204, 79, 89, 113, 35, 36, 41, 42, 54, 19, 107, 233, 235, 56, 49, 124, 75, 66, 117, 152, 196, 211, 206, 244, 120, 118, 181, 183, 221, 225, 128, 157, 108, 142, 146, 140, 148, 266, 136, 195, 194, 223, 177, 155, 159, 62, 67, 2, 279, 127, 109, 96, 167, 160, 162, 138, 147, 188, 224, 202, 264, 265, 267, 132, 271, 48, 278, 277, 260, 9, 234, 228, 168, 184, 255, 226, 131, 126, 38, 275, 257, 213, 258, 263, 139, 276, 130, 18, 116, 110, 86, 209, 68, 65, 84, 63, 172, 186, 189, 262, 125, 30, 250, 149, 23, 245, 243, 144, 73, 163, 180, 13, 193, 165, 76, 74, 59, 44, 71, 26, 129, 173, 150, 81, 105, 217, 216, 102, 101, 169, 6, 236, 232, 270, 256, 253, 207, 218, 246, 269, 37, 39, 40, 51, 34, 273, 137, 133, 153, 197, 145, 135, 60, 259, 158, 99, 187, 46, 47, 185, 111, 87, 114, 166, 80, 251, 252, 231, 238, 8, 156, 82, 22, 122, 179, 230, 100, 31, 29, 32, 12, 24, 151, 176, 237, 5, 25, 14, 272, 10, 11, 134, 268, 17, 91, 182, 112, 45, 200, 215, 175, 28, 57, 141, 222, 201, 52, 58, 61, 104, 191, 190, 103, 70, 92, 97, 94, 95, 274, 205, 55, 121, 50, 123, 78, 77, 88, 20, 119, 220, 203, 192, 33, 53, 85, 69, 170, 171, 83, 174, 161, 198, 3, 199, 1, 248, 249, 239, 261, 227, 143, 16, 115, 106, 98, 212, 241, 240, 242, 247, 72, 210, 208, 43, 15, 254, 229, 64, 90, 93, 178, 0, 4, 214, 219, 7, 21, 27, 154]
Best distance : 22004.201920168198

Results for ali535.tsp:
Best tour : [346, 416, 49, 469, 478, 394, 248, 193, 186, 64, 313, 274, 231, 291, 157, 175, 26, 204, 304, 169, 211, 106, 27, 353, 533, 457, 436, 467, 167, 440, 52, 449, 114, 332, 181, 209, 270, 285, 490, 495, 73, 214, 361, 191, 328, 82, 195, 89, 208, 529, 404, 514, 293, 284, 266, 145, 386, 119, 517, 50, 341, 287, 376, 368, 258, 111, 272, 271, 279, 159, 269, 92, 355, 91, 219, 190, 348, 373, 425, 507, 185, 48, 147, 298, 439, 463, 296, 257, 530, 413, 331, 407, 390, 130, 178, 395, 126, 278, 206, 46, 174, 88, 464, 300, 511, 476, 53, 465, 153, 323, 90, 66, 81, 451, 216, 502, 39, 322, 462, 203, 170, 491, 354, 161, 351, 339, 521, 124, 138, 164, 163, 520, 143, 151, 32, 459, 19, 479, 460, 23, 347, 156, 414, 51, 276, 261, 473, 265, 264, 112, 40, 152, 93, 454, 431, 63, 201, 383, 173, 110, 486, 240, 7, 282, 417, 200, 410, 14, 263, 207, 400, 493, 61, 418, 357, 334, 320, 343, 24, 155, 396, 87, 497, 94, 531, 280, 294, 121, 29, 528, 336, 532, 344, 318, 504, 409, 327, 99, 187, 38, 422, 382, 172, 515, 314, 97, 372, 506, 496, 132, 3, 337, 430, 370, 198, 292, 374, 326, 448, 192, 483, 453, 116, 364, 31, 458, 125, 103, 297, 75, 74, 470, 109, 362, 236, 485, 232, 310, 162, 384, 80, 199, 77, 452, 233, 415, 184, 117, 67, 101, 342, 468, 113, 128, 33, 487, 95, 179, 403, 9, 165, 444, 47, 358, 277, 10, 249, 41, 149, 481, 56, 237, 182, 350, 2, 308, 140, 120, 37, 281, 471, 474, 0, 86, 379, 129, 16, 168, 243, 154, 489, 55, 534, 137, 65, 499, 402, 412, 15, 513, 171, 98, 183, 5, 443, 438, 228, 44, 158, 123, 420, 202, 225, 399, 54, 76, 21, 45, 235, 131, 352, 12, 484, 1, 516, 189, 505, 408, 260, 20, 146, 441, 472, 375, 340, 28, 388, 509, 482, 78, 176, 253, 217, 160, 437, 134, 385, 224, 96, 302, 366, 148, 223, 512, 234, 356, 267, 42, 311, 381, 177, 360, 230, 127, 435, 197, 494, 115, 251, 305, 307, 317, 71, 480, 500, 212, 321, 22, 58, 424, 210, 68, 524, 527, 62, 393, 398, 166, 289, 363, 275, 419, 405, 242, 69, 273, 445, 446, 105, 510, 518, 461, 434, 241, 83, 303, 329, 136, 259, 316, 4, 426, 226, 315, 391, 246, 220, 498, 488, 427, 196, 290, 188, 34, 102, 218, 359, 141, 387, 135, 508, 35, 492, 365, 526, 144, 221, 312, 523, 519, 139, 349, 411, 118, 522, 239, 150, 301, 401, 428, 229, 456, 501, 421, 60, 475, 309, 205, 13, 283, 455, 222, 6, 255, 433, 429, 377, 442, 250, 299, 503, 477, 142, 319, 371, 466, 306, 252, 330, 215, 84, 406, 72, 335, 397, 432, 447, 213, 262, 59, 104, 324, 286, 245, 8, 194, 100, 17, 133, 254, 108, 244, 18, 79, 369, 378, 122, 43, 36, 333, 295, 30, 57, 450, 268, 256, 85, 423, 247, 389, 325, 288, 70, 180, 25, 238, 11, 227, 367, 345, 525, 380, 338, 392, 107]
Best distance : 21073.26887835406

Results for att48.tsp:
NAME : att48
COMMENT : 48 capitals of the US (Padberg/Rinaldi)
DIMENSION : 48
Best tour : [15, 12, 46, 3, 23, 47, 42, 11, 19, 33, 39, 30, 7, 37, 45, 14, 32, 2, 35, 27, 6, 17, 40, 21, 22, 38, 31, 20, 13, 0, 43, 5, 26, 10, 1, 29, 18, 36, 16, 28, 4, 25, 34, 9, 41, 44, 8, 24]
Best distance : 97313.35333568876

Results for att532.tsp:
NAME : att532
COMMENT : 532-city problem (Padberg/Rinaldi)
DIMENSION : 532
Best tour : [354, 327, 136, 472, 475, 474, 451, 452, 370, 476, 480, 461, 233, 208, 391, 86, 54, 103, 76, 117, 109, 296, 306, 44, 47, 53, 260, 174, 182, 292, 106, 26, 134, 25, 42, 36, 73, 18, 45, 46, 11, 10, 279, 217, 345, 35, 69, 262, 271, 439, 278, 302, 181, 169, 369, 364, 319, 143, 290, 258, 504, 465, 445, 362, 378, 223, 281, 160, 119, 235, 297, 379, 163, 162, 127, 171, 126, 298, 339, 55, 74, 85, 187, 203, 314, 285, 333, 430, 350, 332, 124, 114, 155, 214, 205, 132, 111, 253, 324, 16, 8, 9, 13, 176, 266, 123, 390, 64, 213, 121, 194, 61, 212, 118, 508, 521, 381, 0, 356, 91, 128, 192, 342, 348, 470, 397, 129, 229, 195, 300, 1, 407, 272, 267, 248, 331, 312, 495, 317, 231, 50, 52, 305, 184, 175, 506, 486, 404, 419, 293, 58, 23, 335, 485, 24, 105, 96, 196, 167, 108, 282, 288, 274, 414, 377, 494, 427, 48, 462, 444, 436, 374, 100, 146, 165, 375, 510, 198, 479, 383, 79, 92, 131, 41, 32, 65, 204, 159, 107, 193, 225, 158, 241, 366, 328, 81, 240, 251, 438, 459, 473, 89, 38, 110, 166, 291, 199, 62, 294, 238, 151, 393, 453, 330, 313, 316, 301, 310, 237, 386, 422, 102, 141, 365, 518, 441, 449, 31, 27, 15, 37, 275, 376, 265, 20, 77, 311, 60, 115, 94, 429, 432, 179, 185, 142, 177, 202, 236, 341, 434, 326, 207, 101, 137, 517, 520, 280, 403, 112, 90, 93, 43, 99, 67, 242, 431, 355, 273, 344, 489, 412, 467, 469, 140, 104, 367, 357, 188, 71, 410, 448, 466, 7, 19, 426, 401, 259, 30, 446, 387, 270, 287, 269, 164, 395, 338, 493, 423, 186, 222, 309, 425, 371, 411, 173, 178, 197, 168, 206, 161, 29, 33, 28, 56, 435, 408, 428, 447, 450, 63, 72, 347, 507, 442, 382, 172, 500, 343, 246, 17, 398, 415, 304, 353, 336, 527, 512, 368, 482, 531, 443, 409, 75, 359, 218, 22, 200, 149, 139, 286, 283, 323, 180, 122, 505, 284, 191, 239, 277, 497, 394, 276, 325, 481, 244, 249, 487, 498, 478, 421, 384, 144, 440, 491, 399, 454, 147, 125, 113, 254, 230, 148, 152, 80, 227, 226, 211, 21, 524, 511, 516, 528, 406, 418, 145, 39, 190, 509, 78, 256, 320, 315, 525, 14, 351, 433, 363, 120, 156, 295, 228, 130, 135, 245, 299, 496, 514, 502, 523, 488, 484, 400, 503, 95, 84, 66, 189, 183, 456, 116, 210, 385, 57, 483, 492, 392, 97, 49, 40, 257, 215, 70, 12, 51, 220, 232, 337, 303, 417, 349, 5, 6, 4, 268, 373, 468, 460, 3, 346, 221, 243, 340, 157, 234, 380, 416, 154, 372, 150, 82, 209, 455, 216, 219, 352, 471, 526, 420, 463, 464, 255, 289, 424, 413, 308, 261, 252, 138, 250, 501, 513, 530, 490, 153, 133, 83, 98, 2, 499, 529, 515, 519, 522, 388, 457, 361, 224, 322, 321, 264, 318, 458, 329, 405, 360, 170, 87, 68, 247, 201, 402, 263, 396, 34, 88, 358, 307, 334, 59, 437, 389, 477]
Best distance : 904485.4915608543

Results for berlin52.tsp:
Best tour : [34, 39, 35, 43, 8, 18, 38, 30, 3, 36, 37, 5, 14, 4, 32, 23, 47, 22, 50, 49, 45, 2, 16, 7, 31, 48, 0, 17, 33, 15, 40, 44, 26, 12, 11, 29, 20, 46, 41, 6, 1, 19, 28, 51, 27, 10, 25, 13, 9, 21, 42, 24]
Best distance : 21359.489400116334

Results for bier127.tsp:
NAME : bier127
COMMENT : 127 Biergaerten in Augsburg (Juenger/Reinelt)
DIMENSION : 127
Best tour : [15, 5, 122, 39, 66, 1, 124, 6, 20, 71, 123, 64, 4, 36, 26, 30, 115, 58, 7, 120, 117, 52, 98, 27, 94, 102, 73, 3, 61, 59, 83, 76, 13, 40, 47, 93, 79, 92, 111, 74, 31, 0, 14, 19, 16, 119, 10, 70, 18, 22, 42, 107, 104, 12, 56, 108, 82, 68, 89, 23, 2, 63, 99, 114, 50, 67, 75, 46, 78, 49, 8, 21, 96, 32, 28, 55, 51, 60, 90, 57, 54, 35, 34, 113, 97, 29, 38, 41, 24, 65, 95, 45, 53, 126, 88, 103, 84, 85, 86, 116, 11, 9, 44, 110, 48, 109, 87, 72, 17, 91, 106, 43, 100, 77, 118, 101, 125, 80, 25, 33, 37, 105, 81, 121, 62, 69, 112]
Best distance : 469032.58405184554

Results for a280.tsp:
NAME : a280
COMMENT : drilling problem (Ludwig)
Best tour : [169, 166, 95, 58, 232, 213, 257, 70, 228, 233, 266, 279, 6, 12, 100, 270, 159, 110, 22, 18, 13, 99, 101, 62, 103, 161, 167, 265, 240, 208, 251, 253, 231, 272, 146, 147, 179, 195, 211, 205, 243, 221, 260, 4, 241, 224, 5, 52, 43, 177, 119, 38, 29, 83, 142, 129, 149, 139, 163, 164, 235, 218, 41, 48, 193, 203, 258, 275, 120, 79, 61, 45, 89, 216, 143, 148, 268, 135, 23, 171, 170, 157, 180, 176, 175, 189, 269, 114, 57, 252, 132, 127, 64, 151, 102, 92, 91, 9, 44, 51, 50, 80, 115, 63, 156, 158, 105, 168, 145, 196, 256, 107, 104, 109, 230, 244, 245, 229, 250, 247, 7, 46, 27, 261, 259, 137, 181, 187, 34, 28, 20, 124, 126, 106, 87, 37, 40, 162, 84, 68, 113, 116, 71, 85, 86, 172, 32, 42, 73, 65, 60, 78, 26, 262, 202, 200, 138, 183, 55, 47, 274, 49, 67, 77, 108, 237, 206, 141, 144, 204, 155, 226, 66, 69, 81, 93, 25, 198, 255, 254, 97, 98, 215, 219, 227, 238, 199, 2, 246, 21, 140, 8, 10, 190, 201, 236, 210, 234, 39, 35, 131, 14, 15, 17, 264, 267, 248, 242, 82, 16, 11, 273, 178, 150, 122, 123, 160, 223, 222, 76, 207, 263, 136, 186, 185, 182, 133, 128, 212, 94, 74, 56, 165, 239, 1, 278, 111, 88, 54, 30, 184, 220, 19, 130, 33, 36, 125, 154, 209, 197, 192, 173, 191, 72, 59, 117, 112, 31, 96, 90, 152, 118, 24, 217, 214, 225, 249, 277, 3, 276, 194, 134, 121, 153, 174, 188, 271, 75, 0, 53]
Best distance : 22603.67872511662

Results for ali535.tsp:
Best tour : [82, 113, 128, 490, 413, 211, 504, 459, 342, 365, 0, 368, 376, 480, 514, 61, 507, 425, 398, 393, 43, 455, 177, 270, 209, 533, 457, 106, 80, 510, 367, 100, 69, 473, 261, 532, 474, 471, 356, 234, 267, 520, 137, 138, 143, 308, 54, 355, 88, 276, 146, 174, 491, 388, 52, 208, 454, 449, 348, 379, 478, 46, 272, 371, 493, 400, 319, 192, 407, 464, 35, 404, 206, 15, 465, 278, 412, 334, 264, 172, 119, 179, 95, 452, 467, 252, 63, 431, 9, 283, 139, 330, 101, 260, 24, 259, 295, 506, 476, 53, 165, 333, 21, 2, 51, 411, 30, 303, 38, 420, 7, 216, 453, 195, 285, 187, 362, 4, 339, 415, 184, 291, 27, 175, 70, 522, 239, 517, 62, 381, 528, 437, 207, 153, 492, 197, 169, 214, 461, 205, 202, 84, 479, 395, 225, 505, 230, 17, 154, 469, 353, 5, 170, 253, 71, 484, 296, 20, 429, 68, 427, 58, 22, 86, 127, 394, 186, 419, 389, 488, 352, 220, 498, 60, 503, 133, 364, 116, 426, 31, 458, 183, 74, 50, 94, 111, 496, 121, 118, 349, 155, 248, 215, 456, 48, 91, 228, 327, 117, 366, 96, 527, 501, 212, 28, 85, 213, 513, 254, 108, 312, 32, 181, 383, 201, 288, 321, 373, 481, 23, 306, 275, 194, 135, 361, 173, 110, 157, 232, 59, 156, 525, 360, 226, 317, 241, 190, 93, 304, 204, 337, 289, 242, 237, 290, 433, 167, 98, 436, 126, 171, 331, 13, 357, 161, 384, 494, 302, 298, 477, 530, 66, 130, 227, 444, 67, 372, 97, 274, 313, 468, 399, 89, 78, 332, 323, 387, 39, 223, 512, 148, 65, 36, 451, 92, 318, 336, 112, 115, 191, 497, 243, 345, 284, 266, 240, 144, 521, 472, 315, 301, 105, 423, 210, 382, 256, 268, 120, 229, 124, 163, 164, 385, 523, 524, 363, 509, 73, 3, 263, 326, 19, 518, 380, 221, 176, 370, 198, 104, 235, 26, 359, 247, 335, 390, 16, 64, 486, 511, 374, 12, 8, 281, 233, 265, 166, 500, 132, 292, 269, 178, 294, 218, 102, 466, 391, 140, 136, 287, 344, 316, 141, 534, 160, 244, 129, 55, 408, 320, 448, 29, 87, 81, 311, 447, 224, 262, 236, 162, 416, 72, 442, 406, 293, 439, 217, 325, 168, 238, 531, 386, 463, 188, 396, 495, 508, 354, 397, 405, 249, 422, 33, 10, 358, 107, 462, 322, 49, 75, 300, 529, 351, 418, 159, 328, 271, 279, 401, 149, 56, 347, 152, 34, 324, 286, 147, 196, 428, 57, 475, 329, 255, 338, 435, 502, 231, 145, 77, 460, 103, 125, 273, 297, 47, 519, 151, 222, 443, 487, 277, 489, 158, 40, 142, 245, 1, 375, 37, 182, 350, 485, 189, 199, 282, 307, 305, 122, 134, 79, 369, 258, 314, 280, 109, 193, 341, 45, 180, 25, 219, 250, 83, 414, 441, 403, 392, 299, 440, 114, 434, 257, 445, 446, 185, 421, 526, 42, 483, 90, 251, 470, 410, 200, 44, 340, 432, 76, 377, 346, 417, 409, 6, 499, 309, 438, 424, 150, 450, 41, 11, 123, 99, 482, 203, 310, 131, 516, 246, 378, 430, 343, 18, 515, 402, 14]
Best distance : 19933.11604765994

Results for att48.tsp:
NAME : att48
COMMENT : 48 capitals of the US (Padberg/Rinaldi)
DIMENSION : 48
Best tour : [41, 0, 26, 42, 29, 18, 16, 20, 24, 10, 22, 35, 43, 30, 8, 27, 45, 11, 19, 36, 5, 12, 46, 2, 3, 32, 17, 6, 14, 39, 31, 23, 21, 15, 7, 25, 40, 4, 38, 13, 1, 34, 9, 44, 37, 33, 28, 47]
Best distance : 99739.91453815321

Results for att532.tsp:
NAME : att532
COMMENT : 532-city problem (Padberg/Rinaldi)
DIMENSION : 532
Best tour : [48, 124, 115, 151, 489, 497, 144, 208, 290, 280, 278, 308, 199, 203, 233, 334, 521, 391, 419, 432, 465, 514, 255, 496, 47, 224, 169, 186, 181, 298, 338, 480, 469, 406, 197, 98, 339, 356, 314, 12, 54, 129, 184, 163, 261, 251, 418, 407, 322, 490, 481, 215, 241, 367, 350, 331, 342, 183, 361, 88, 142, 195, 473, 493, 392, 55, 291, 78, 56, 214, 150, 166, 4, 444, 8, 19, 23, 21, 148, 86, 287, 351, 206, 225, 92, 294, 292, 281, 46, 36, 75, 110, 155, 275, 84, 63, 317, 365, 52, 43, 137, 494, 476, 436, 132, 263, 220, 232, 267, 31, 27, 295, 518, 457, 454, 508, 328, 140, 495, 483, 504, 411, 470, 499, 269, 272, 211, 212, 201, 160, 178, 366, 180, 182, 35, 33, 93, 174, 193, 244, 167, 114, 293, 161, 134, 133, 165, 119, 176, 218, 252, 266, 270, 286, 258, 235, 53, 62, 15, 39, 368, 437, 409, 205, 288, 372, 105, 141, 10, 370, 122, 256, 99, 28, 32, 81, 103, 65, 82, 143, 378, 170, 126, 108, 90, 153, 76, 96, 346, 284, 451, 471, 456, 157, 123, 380, 364, 403, 299, 297, 296, 130, 146, 369, 376, 1, 242, 517, 505, 523, 515, 512, 524, 59, 462, 395, 394, 106, 168, 113, 104, 5, 9, 13, 37, 344, 156, 71, 121, 466, 386, 285, 259, 309, 400, 498, 486, 500, 412, 237, 430, 118, 315, 333, 343, 69, 282, 303, 375, 423, 136, 101, 300, 17, 347, 279, 79, 83, 268, 200, 204, 66, 117, 34, 434, 363, 348, 355, 310, 301, 329, 335, 349, 40, 67, 41, 42, 50, 51, 311, 207, 358, 357, 390, 274, 109, 482, 250, 458, 530, 179, 254, 360, 388, 410, 273, 227, 145, 139, 16, 14, 70, 95, 453, 396, 387, 531, 427, 441, 58, 60, 61, 116, 226, 325, 399, 271, 526, 519, 520, 198, 502, 529, 337, 222, 306, 87, 187, 173, 229, 359, 245, 304, 265, 248, 449, 507, 385, 177, 302, 72, 202, 246, 353, 501, 445, 231, 135, 415, 373, 213, 162, 341, 147, 240, 223, 209, 24, 26, 219, 216, 340, 221, 239, 492, 413, 455, 426, 414, 401, 402, 152, 149, 210, 131, 97, 94, 38, 276, 422, 429, 192, 463, 464, 185, 107, 112, 64, 398, 11, 319, 484, 420, 336, 228, 442, 404, 381, 230, 327, 424, 44, 318, 264, 345, 305, 6, 312, 307, 249, 253, 164, 440, 475, 474, 472, 467, 468, 217, 332, 324, 196, 262, 236, 89, 49, 443, 102, 527, 478, 431, 374, 73, 2, 45, 191, 289, 138, 459, 450, 330, 362, 323, 448, 433, 128, 446, 100, 154, 234, 91, 384, 326, 377, 316, 313, 522, 516, 479, 511, 243, 352, 405, 74, 20, 447, 425, 452, 428, 408, 513, 421, 439, 461, 491, 18, 7, 0, 247, 171, 159, 111, 283, 417, 488, 510, 506, 190, 125, 320, 354, 397, 509, 382, 389, 487, 460, 379, 85, 77, 277, 238, 371, 194, 158, 257, 260, 3, 22, 29, 25, 57, 30, 188, 175, 189, 525, 172, 127, 120, 393, 321, 68, 438, 435, 416, 383, 477, 485, 503, 528, 80]
Best distance : 916283.6020562443

Results for berlin52.tsp:
Best tour : [41, 43, 35, 34, 11, 47, 29, 4, 14, 24, 3, 39, 37, 30, 10, 21, 44, 5, 48, 36, 49, 38, 12, 25, 26, 18, 40, 42, 23, 33, 15, 28, 0, 6, 9, 8, 19, 1, 20, 50, 45, 31, 17, 16, 27, 22, 46, 13, 51, 2, 7, 32]
Best distance : 24810.32872453538

